t,l,S,P_l
0.0,0.05,1.0,5.9370865433294334e-6
0.002004008016032064,0.05497748874437219,0.9814557060474725,1.2039773447432612e-5
0.004008016032064128,0.05995497748874437,0.9021119501110902,2.2512497380053797e-5
0.006012024048096192,0.06493246623311656,0.780062122225661,3.938014263129967e-5
0.008016032064128256,0.06990995497748874,0.6618000635419825,6.515944279482653e-5
0.01002004008016032,0.07488744372186093,0.5747202084252563,0.00010286364707102779
0.012024048096192385,0.07986493246623312,0.5165817676976304,0.00015598936817275803
0.014028056112224449,0.0848424212106053,0.4763174702245613,0.00022848789565854983
0.01603206412825651,0.08981990995497749,0.4462947929866889,0.00032472374683382266
0.018036072144288578,0.09479739869934968,0.422513932742409,0.00044942338662850293
0.02004008016032064,0.09977488744372186,0.4028566025868322,0.0006076169748473558
0.022044088176352707,0.10475237618809405,0.3861125376923977,0.0008045757756018668
0.02404809619238477,0.10972986493246624,0.3715366693301348,0.0010457475535665655
0.026052104208416832,0.11470735367683842,0.3586403879736477,0.001336691932225978
0.028056112224448898,0.11968484242121061,0.34708615713276286,0.001683017333541175
0.03006012024048096,0.12466233116558278,0.33663068231090365,0.002090320778207872
0.03206412825651302,0.129639819909955,0.32709241116601934,0.0025641315140740905
0.03406813627254509,0.13461730865432717,0.31833196216085025,0.0031098591642763442
0.036072144288577156,0.13959479739869934,0.31023979207534036,0.00373274684883408
0.03807615230460922,0.14457228614307155,0.30272811075104783,0.004437829533504232
0.04008016032064128,0.14954977488744373,0.29572539417343735,0.005229897695507917
0.04208416833667335,0.1545272636318159,0.2891725475283768,0.006113466264120033
0.04408817635270541,0.15950475237618808,0.2830201513139689,0.00709274869137231
0.04609218436873747,0.16448224112056029,0.27722643955678195,0.0081716359304415
0.04809619238476954,0.16945972986493246,0.2717557859119313,0.009353680042951512
0.050100200400801605,0.17443721860930464,0.26657755026947366,0.010642082117936812
0.052104208416833664,0.17941470735367684,0.26166518649981774,0.012039684161437749
0.05410821643286573,0.18439219609804902,0.256995542796136,0.013548964603828697
0.056112224448897796,0.1893696848424212,0.25254830635933456,0.015172037069583751
0.05811623246492986,0.1943471735867934,0.2483055578260343,0.01691065205916883
0.06012024048096192,0.19932466233116558,0.24425141021897823,0.018766201203348574
0.06212424849699399,0.20430215107553776,0.2403717137606507,0.02073972376493433
0.06412825651302605,0.20927963981990996,0.2366538125581584,0.02283191508065412
0.06613226452905811,0.21425712856428214,0.23308634253796898,0.025043136655404852
0.06813627254509018,0.21923461730865432,0.229659062477001,0.027373427641849808
0.07014028056112225,0.22421210605302652,0.22636271180648276,0.029822517459511495
0.07214428857715431,0.2291895947973987,0.22318889023766972,0.032389839328688386
0.07414829659318638,0.23416708354177088,0.22012995529922816,0.035074544515310654
0.07615230460921844,0.23914457228614308,0.21717893467295465,0.03787551710295739
0.0781563126252505,0.24412206103051526,0.21432945083023966,0.04079138912748422
0.08016032064128256,0.24909954977488744,0.21157565595153907,0.04382055592791159
0.08216432865731463,0.2540770385192596,0.20891217548804472,0.046961191584303605
0.0841683366733467,0.2590545272636318,0.20633405902302923,0.05021126432928735
0.08617234468937876,0.264032016008004,0.20383673732803642,0.053568551834593324
0.08817635270541083,0.26900950475237617,0.20141598469973876,0.057030656287551
0.09018036072144289,0.2739869934967484,0.19906788581714657,0.060595019184878154
0.09218436873747494,0.2789644822411206,0.1967888064837471,0.06425893578239081
0.09418837675350701,0.28394197098549273,0.19457536772108758,0.0680195691494905
0.09619238476953908,0.28891945972986494,0.19242442276394614,0.07187396378650684
0.09819639278557114,0.29389694847423714,0.19033303657618622,0.07581905877124831
0.10020040080160321,0.2988744372186093,0.1882984675635013,0.07985170040850864
0.10220440881763528,0.3038519259629815,0.186318151206777,0.08396865436285048
0.10420841683366733,0.3088294147073537,0.18438968537949912,0.08816661726080137
0.1062124248496994,0.31380690345172585,0.18251081714594486,0.09244222775371966
0.10821643286573146,0.31878439219609805,0.18067943086494082,0.09679207703707095
0.11022044088176353,0.32376188094047026,0.17889353744768285,0.10121271882575558
0.11222444889779559,0.3287393696848424,0.17715126463821762,0.10570067878850428
0.11422845691382766,0.3337168584292146,0.17545084820230417,0.1102524634472529
0.11623246492985972,0.3386943471735868,0.1737906239249854,0.11486456854987549
0.11823647294589178,0.34367183591795897,0.17216902032971185,0.11953348692672885
0.12024048096192384,0.3486493246623312,0.17058455204261586,0.12425571584319763
0.12224448897795591,0.3536268134067034,0.1690358137347923,0.12902776386184334
0.12424849699398798,0.3586043021510755,0.16752147458344346,0.13384615722891166
0.12625250501002003,0.36358179089544773,0.1660402731996775,0.13870744580084868
0.1282565130260521,0.36855927963981994,0.16459101297676385,0.14360820852715975
0.13026052104208416,0.3735367683841921,0.16317255781789047,0.14854505850644437
0.13226452905811623,0.3785142571285643,0.1617838282070363,0.15351464763275832
0.1342685370741483,0.3834917458729365,0.16042379759057004,0.1585136708496447
0.13627254509018036,0.38846923461730865,0.15909148904069054,0.16353887002922549
0.13827655310621242,0.39344672336168085,0.1577859721749007,0.16858703749369136
0.1402805611222445,0.398424212106053,0.15650636030841572,0.17365501919638807
0.14228456913827656,0.4034017008504252,0.15525180781879608,0.1787397175794593
0.14428857715430862,0.4083791895947974,0.15402150770420558,0.18383809412472357
0.1462925851703407,0.41335667833916956,0.15281468931856482,0.1889471716141084
0.14829659318637275,0.41833416708354176,0.1516306162685273,0.19406403611556994
0.15030060120240482,0.42331165582791397,0.1504685844586791,0.1991858387099935
0.1523046092184369,0.4282891445722861,0.14932792027267255,0.20430979697411128
0.15430861723446893,0.4332666333166583,0.1482079788791747,0.209433196233983
0.156312625250501,0.4382441220610305,0.14710814265255331,0.21455339060308737
0.15831663326653306,0.4432216108054027,0.14602781969915782,0.2196678038185588
0.16032064128256512,0.4481990995497749,0.1449664424808874,0.2247739298885795
0.1623246492985972,0.4531765882941471,0.14392346652848909,0.22986933356341324
0.16432865731462926,0.45815407703851924,0.14289836923770274,0.23495165064205173
0.16633266533066132,0.46313156578289144,0.14189064874197427,0.2400185881259098
0.1683366733466934,0.46810905452726365,0.14089982285600636,0.24506792423050106
0.17034068136272545,0.4730865432716358,0.13992542808490732,0.25009750826551647
0.17234468937875752,0.478064032016008,0.13896701869414343,0.2551052603932275
0.1743486973947896,0.4830415207603802,0.1380241658359029,0.26008917127464887
0.17635270541082165,0.48801900950475235,0.13709645672784387,0.26504730161242535
0.17835671342685372,0.49299649824912456,0.13618349388052792,0.2699777815989406
0.18036072144288579,0.49797398699349676,0.13528489437014227,0.27487881027769945
0.18236472945891782,0.5029514757378689,0.13440028915338434,0.279748654825602
0.1843687374749499,0.5079289644822411,0.13352932242163051,0.2845856497633098
0.18637274549098196,0.5129064532266133,0.1326716509917379,0.2893881961004994
0.18837675350701402,0.5178839419709855,0.13182694373103096,0.29415476042240757
0.1903807615230461,0.5228614307153577,0.1309948810142154,0.2988838739237061
0.19238476953907815,0.5278389194597298,0.13017515421013096,0.303574131395379
0.19438877755511022,0.532816408204102,0.12936746519641285,0.3082241901699349
0.1963927855711423,0.5377938969484742,0.12857152590027415,0.31283276902995844
0.19839679358717435,0.5427713856928464,0.12778705786375405,0.3173986470846916
0.20040080160320642,0.5477488744372186,0.12701379183189632,0.32192066261903657
0.20240480961923848,0.5527263631815907,0.12625146736243373,0.32639771191908434
0.20440881763527055,0.557703851925963,0.12549983245565546,0.3308287480780044
0.20641282565130262,0.5626813406703352,0.12475864320322855,0.3352127797858715
0.20841683366733466,0.5676588294147074,0.12402766345482935,0.33954887010675805
0.21042084168336672,0.5726363181590796,0.12330666450152211,0.34383613524619056
0.2124248496993988,0.5776138069034518,0.12259542477489255,0.34807374331184676
0.21442885771543085,0.5825912956478239,0.12189372956101352,0.3522609130701563
0.21643286573146292,0.5875687843921961,0.1212013707283812,0.3563969127012783
0.218436873747495,0.5925462731365683,0.12051814646901797,0.36048105855473156
0.22044088176352705,0.5975237618809405,0.11984386105199121,0.3645127139077837
0.22244488977955912,0.6025012506253127,0.11917832458864656,0.36849128772853396
0.22444889779559118,0.6074787393696849,0.11852135280889978,0.372416233445467
0.22645290581162325,0.612456228114057,0.11787276684797317,0.37628704772510735
0.22845691382765532,0.6174337168584292,0.11723239304300241,0.38010326925926413
0.23046092184368738,0.6224112056028014,0.1166000627389753,0.3838644775632205
0.23246492985971945,0.6273886943471736,0.11597561210349776,0.38757029178610186
0.23446893787575152,0.6323661830915458,0.11535888194991453,0.3912203695345387
0.23647294589178355,0.637343671835918,0.1147497175683399,0.39481440571063153
0.23847695390781562,0.6423211605802901,0.11414796856418198,0.3983521313651185
0.24048096192384769,0.6472986493246623,0.11355348870376887,0.4018333125665578
0.24248496993987975,0.6522761380690345,0.11296613576670879,0.40525774928723796
0.24448897795591182,0.6572536268134067,0.11238577140463751,0.4086252743064526
0.24649298597194388,0.6622311155577789,0.11181226100602816,0.4119357521316925
0.24849699398797595,0.6672086043021511,0.11124547356675617,0.415189077938236
0.250501002004008,0.6721860930465232,0.11068528156613117,0.41838517652755064
0.25250501002004005,0.6771635817908954,0.1101315608481229,0.4215240013048537
0.2545090180360721,0.6821410705352676,0.10958419050752587,0.4246055332761217
0.2565130260521042,0.6871185592796398,0.10904305278081959,0.4276297800647824
0.25851703406813625,0.692096048024012,0.10850803294149666,0.43059677494827026
0.2605210420841683,0.6970735367683842,0.10797901919964337,0.43350657591458264
0.2625250501002004,0.7020510255127563,0.10745590260556832,0.43635926473892644
0.26452905811623245,0.7070285142571285,0.10693857695728809,0.43915494608050437
0.2665330661322645,0.7120060030015007,0.1064269387116866,0.44189374659945463
0.2685370741482966,0.716983491745873,0.10592088689917709,0.44457581409392344
0.27054108216432865,0.7219609804902452,0.10542032304170393,0.44720131665721125
0.2725450901803607,0.7269384692346174,0.10492515107392969,0.449770441854916
0.2745490981963928,0.7319159579789895,0.10443527726746213,0.45228339592195893
0.27655310621242485,0.7368934467233617,0.10395061015798263,0.45474040297935947
0.2785571142284569,0.7418709354677339,0.10347106047514534,0.45714170427060347
0.280561122244489,0.7468484242121061,0.10299654107512261,0.4594875574174265
0.28256513026052105,0.7518259129564783,0.10252696687567912,0.46177823569481746
0.2845691382765531,0.7568034017008505,0.10206225479366286,0.46401402732502867
0.2865731462925852,0.7617808904452226,0.10160232368480714,0.46619523479036934
0.28857715430861725,0.7667583791895948,0.10114709428574262,0.46832217416453564
0.2905811623246493,0.771735867933967,0.10069648915812388,0.47039517446223156
0.2925851703406814,0.7767133566783392,0.10025043263477974,0.4724145770068131
0.29458917835671344,0.7816908454227114,0.09980885076780063,0.47438073481568527
0.2965931863727455,0.7866683341670836,0.09937167127848122,0.4762940120031714
0.2985971943887776,0.7916458229114557,0.0989388235090398,0.4781547832005662
0.30060120240480964,0.7966233116558279,0.09851023837604035,0.479963432993082
0.3026052104208417,0.8016008004002001,0.09808584832544658,0.48172035537338614
0.3046092184368738,0.8065782891445723,0.09766558728924002,0.48342595321142934
0.3066132264529058,0.8115557778889445,0.09724939064353866,0.48508063774025906
0.30861723446893785,0.8165332666333167,0.09683719516815449,0.4866848280575089
0.3106212424849699,0.8215107553776888,0.0964289390075318,0.4882389506422527
0.312625250501002,0.826488244122061,0.09602456163301093,0.4897434388869148
0.31462925851703405,0.8314657328664332,0.09562400380636384,0.49119873264392205
0.3166332665330661,0.8364432216108054,0.09522720754455168,0.49260527778678576
0.3186372745490982,0.8414207103551776,0.0948341160856555,0.49396352578530356
0.32064128256513025,0.8463981990995497,0.09444467385593457,0.49527393329456876
0.3226452905811623,0.8513756878439219,0.09405882643796765,0.4965369617574787
0.3246492985971944,0.8563531765882941,0.0936765205398361,0.49775307702043486
0.32665330661322645,0.8613306653326663,0.09329770396530791,0.4989227489619301
0.3286573146292585,0.8663081540770385,0.09292232558498466,0.5000464511337174
0.3306613226452906,0.8712856428214107,0.09255033530837486,0.5011246604142637
0.33266533066132264,0.8762631315657828,0.09218168405685831,0.5021578566741891
0.3346693386773547,0.881240620310155,0.09181632373750806,0.5031465224533986
0.3366733466933868,0.8862181090545272,0.09145420721773827,0.5040911426496162
0.33867735470941884,0.8911955977988995,0.09109528830074648,0.504992204218034
0.3406813627254509,0.8961730865432717,0.09073952170172174,0.505850195881795
0.342685370741483,0.9011505752876439,0.09038686302479,0.5066656078530282
0.34468937875751504,0.906128064032016,0.09003726874066997,0.5074389315641645
0.3466933867735471,0.9111055527763882,0.08969069616501331,0.5081706594092615
0.3486973947895792,0.9160830415207604,0.08934710343740528,0.50886128449507
0.35070140280561124,0.9210605302651326,0.089006449501001,0.5095113004015825
0.3527054108216433,0.9260380190095048,0.08866869408277554,0.5101212009518067
0.35470941883767537,0.931015507753877,0.08833379767436549,0.5106914799905102
0.35671342685370744,0.9359929964982491,0.0880017215134814,0.5112226311716884
0.3587174348697395,0.9409704852426213,0.0876724275658711,0.5117151477545149
0.36072144288577157,0.9459479739869935,0.08734587850781411,0.5121695224075324
0.3627254509018036,0.9509254627313657,0.08702203770912956,0.5125862470208533
0.36472945891783565,0.9559029514757379,0.08670086921667901,0.5129658125261387
0.3667334669338677,0.9608804402201101,0.08638233773834779,0.513308708724133
0.3687374749498998,0.9658579289644822,0.08606640862748835,0.5136154241195331
0.37074148296593185,0.9708354177088544,0.08575304786780949,0.5138864457629773
0.3727454909819639,0.9758129064532266,0.08544222205869709,0.5141222590999454
0.374749498997996,0.9807903951975988,0.0851338984009514,0.514323347826361
0.37675350701402804,0.985767883941971,0.08482804468292673,0.5144901937506977
0.3787575150300601,0.9907453726863432,0.08452462926706102,0.5146232766623903
0.3807615230460922,0.9957228614307153,0.08422362107678118,0.5147230742063614
0.38276553106212424,1.0007003501750875,0.08392498958377288,0.5147900617634729
0.3847695390781563,1.0056778389194598,0.08362870479560221,0.5148247123367221
0.3867735470941884,1.010655327663832,0.08333473724367804,0.5148274964430009
0.38877755511022044,1.015632816408204,0.08304305797154377,0.5147988820102448
0.3907815631262525,1.0206103051525763,0.08275363852348815,0.5147393342798026
0.3927855711422846,1.0255877938969484,0.08246645093346479,0.5146493157138582
0.39478957915831664,1.0305652826413207,0.08218146771431026,0.5145292859077445
0.3967935871743487,1.0355427713856928,0.08189866184725172,0.5143797015069903
0.39879759519038077,1.040520260130065,0.08161800677169466,0.5142010161289473
0.40080160320641284,1.0454977488744372,0.08133947637528183,0.5139936802888473
0.4028056112224449,1.0504752376188093,0.0810630449842152,0.5137581413301412
0.40480961923847697,1.0554527263631817,0.08078868735383245,0.5134948433589823
0.40681362725450904,1.0604302151075538,0.0805163786594303,0.5132042271827096
0.4088176352705411,1.065407703851926,0.08024609448732689,0.5128867302522007
0.41082164328657317,1.0703851925962982,0.07997781082615585,0.512542786607961
0.41282565130260523,1.0753626813406703,0.0797115040583853,0.5121728268298223
0.4148296593186373,1.0803401700850426,0.07944715095205462,0.5117772779901253
0.4168336673346693,1.0853176588294147,0.07918472865272234,0.5113565636102665
0.4188376753507014,1.090295147573787,0.07892421467561907,0.5109111036204914
0.42084168336673344,1.095272636318159,0.0786655868979992,0.5104413143228193
0.4228456913827655,1.1002501250625312,0.07840882355168531,0.5099476083569889
0.4248496993987976,1.1052276138069035,0.0781539032157997,0.5094303946693172
0.42685370741482964,1.1102051025512756,0.07790080480967754,0.5088900784843647
0.4288577154308617,1.115182591295648,0.07764950758595607,0.5083270612793092
0.4308617234468938,1.12016008004002,0.07739999112383503,0.5077417407609219
0.43286573146292584,1.1251375687843923,0.07715223532250295,0.5071345108450589
0.4348697394789579,1.1301150575287644,0.07690622039472486,0.5065057616385652
0.43687374749499,1.1350925462731365,0.07666192686058632,0.5058558794235078
0.43887775551102204,1.1400700350175088,0.07641933554138979,0.5051852466436457
0.4408817635270541,1.145047523761881,0.07617842755369839,0.5044942418930521
0.44288577154308617,1.1500250125062532,0.07593918430352346,0.5037832399068066
0.44488977955911824,1.1550025012506253,0.07570158748065135,0.5030526115536764
0.4468937875751503,1.1599799899949974,0.07546561905310563,0.5023027238307087
0.44889779559118237,1.1649574787393697,0.07523126126174111,0.5015339398596571
0.45090180360721444,1.1699349674837418,0.07499849661496574,0.50074661888517
0.4529058116232465,1.1749124562281141,0.07476730788358692,0.4999411162746701
0.45490981963927857,1.1798899449724862,0.07453767809577873,0.4991177835198538
0.45691382765531063,1.1848674337168583,0.07430959053216679,0.4982769682397463
0.4589178356713427,1.1898449224612306,0.0740830287210275,0.4974190141852441
0.46092184368737477,1.1948224112056027,0.07385797643359829,0.4965442612450859
0.46292585170340683,1.199799899949975,0.07363441767949645,0.49565304545318695
0.4649298597194389,1.2047773886943471,0.07341233670224279,0.494745698997282
0.46693386773547096,1.2097548774387195,0.07319171797488792,0.4938225502288153
0.46893787575150303,1.2147323661830915,0.07297254619573813,0.4928839236740261
0.4709418837675351,1.2197098549274636,0.07275480628417813,0.49193014004617336
0.4729458917835671,1.224687343671836,0.07253848337658828,0.49096151625884893
0.4749498997995992,1.229664832416208,0.07232356282235353,0.48997836544032963
0.47695390781563124,1.2346423211605804,0.07211003017996194,0.4889809969489174
0.4789579158316633,1.2396198099049525,0.07189787121319008,0.48796971638922315
0.48096192384769537,1.2445972986493246,0.07168707188737326,0.4869448256293468
0.48296593186372744,1.2495747873936969,0.07147761836575842,0.48590662281890995
0.4849699398797595,1.254552276138069,0.07126949700593713,0.48485540240789976
0.48697394789579157,1.2595297648824413,0.07106269435635716,0.4837914551662813
0.48897795591182364,1.2645072536268134,0.07085719715291022,0.4827150682043394
0.4909819639278557,1.2694847423711857,0.07065299231559397,0.4816265249937114
0.49298597194388777,1.2744622311155578,0.07045006694524641,0.48052610538907375
0.49498997995991983,1.2794397198599299,0.07024840832035106,0.479414085650446
0.4969939879759519,1.2844172086043022,0.07004800389391046,0.47829073846607884
0.49899799599198397,1.2893946973486743,0.06984884129038711,0.47715633297589055
0.501002004008016,1.2943721860930466,0.06965090830270947,0.4760111347954219
0.503006012024048,1.2993496748374187,0.06945419288934161,0.4748554060402765
0.5050100200400801,1.3043271635817908,0.06925868317141529,0.4736894053510165
0.5070140280561122,1.309304652326163,0.06906436742992193,0.4725133879184868
0.5090180360721442,1.3142821410705352,0.06887123410296431,0.471327605509536
0.5110220440881763,1.3192596298149075,0.06867927178306524,0.4701323064931106
0.5130260521042084,1.3242371185592796,0.06848846921453275,0.46892773586669445
0.5150300601202404,1.329214607303652,0.06829881529087986,0.467714135283067
0.5170340681362725,1.334192096048024,0.06811029905229782,0.4664917430773611
0.5190380761523046,1.3391695847923961,0.06792290968318138,0.4652607942943895
0.5210420841683366,1.3441470735367684,0.06773663650970506,0.46402152071622493
0.5230460921843687,1.3491245622811405,0.06755146899744885,0.46277415089000745
0.5250501002004008,1.3541020510255128,0.06736739674907255,0.4615189101559582
0.5270541082164328,1.359079539769885,0.06718440950203704,0.46025602067558363
0.5290581162324649,1.364057028514257,0.06700249712637207,0.4589857014600448
0.531062124248497,1.3690345172586293,0.06682164962248875,0.45770816839867856
0.533066132264529,1.3740120060030014,0.06664185711903606,0.4564236342876493
0.5350701402805611,1.3789894947473738,0.06646310987080042,0.45513230885871486
0.5370741482965932,1.3839669834917459,0.06628539825664698,0.45383439880809195
0.5390781563126252,1.3889444722361182,0.06610871277750195,0.4525301078254007
0.5410821643286573,1.3939219609804903,0.06593304405437475,0.4512196366226794
0.5430861723446894,1.3988994497248624,0.06575838282641933,0.44990318296344833
0.5450901803607214,1.4038769384692347,0.06558471994903346,0.4485809416918127
0.5470941883767535,1.4088544272136068,0.0654120463919954,0.4472531047615907
0.5490981963927856,1.413831915957979,0.06524035323763679,0.44591986126545113
0.5511022044088176,1.4188094047023512,0.06506963167905117,0.4445813974640522
0.5531062124248497,1.4237868934467233,0.06489987301833723,0.44323789681516584
0.5551102204408818,1.4287643821910956,0.06473106866487593,0.441889540002778
0.5571142284569138,1.4337418709354677,0.06456321013364076,0.44053650496615476
0.5591182364729459,1.43871935967984,0.06439628904354053,0.43917896692886116
0.561122244488978,1.443696848424212,0.06423029711579362,0.43781709842772565
0.56312625250501,1.4486743371685844,0.06406522617233341,0.4364510693417385
0.5651302605210421,1.4536518259129565,0.06390106813424384,0.43508104692087574
0.5671342685370742,1.4586293146573286,0.06373781502022455,0.4337071958148408
0.5691382765531062,1.463606803401701,0.06357545894508497,0.4323296781017137
0.5711422845691383,1.468584292146073,0.06341399211826684,0.43094865331650173
0.5731462925851704,1.4735617808904453,0.06325340684239406,0.42956427847958195
0.5751503006012024,1.4785392696348174,0.06309369551184986,0.4281767081250309
0.5771543086172345,1.4835167583791895,0.06293485061138039,0.42678609432883186
0.5791583166332666,1.4884942471235618,0.06277686471472407,0.4253925867369555
0.5811623246492986,1.493471735867934,0.06261973048326634,0.42399633259330666
0.5831663326653307,1.4984492246123062,0.06246344066471909,0.4225974767675304
0.5851703406813628,1.5034267133566783,0.06230798809182441,0.42119616178267383
0.5871743486973948,1.5084042021010504,0.06215336568108196,0.4197925278426969
0.5891783567134269,1.5133816908454227,0.06199956643149956,0.4183867128598274
0.591182364729459,1.5183591795897948,0.06184658342336646,0.4169788524817565
0.593186372745491,1.5233366683341671,0.061694409817048795,0.4155690801186676
0.5951903807615231,1.5283141570785392,0.06154303885180681,0.41415752697009817
0.5971943887775552,1.5332916458229116,0.06139246384463328,0.4127443220516268
0.5991983967935872,1.5382691345672836,0.061242678189112866,0.4113295922213851
0.6012024048096193,1.5432466233116557,0.061093675354301734,0.4099134622063876
0.6032064128256514,1.548224112056028,0.06094544888362716,0.40849605462867905
0.6052104208416834,1.5532016008004002,0.06079799239380662,0.4070774900312952
0.6072144288577155,1.5581790895447725,0.060651299573786205,0.40565788690403265
0.6092184368737475,1.5631565782891446,0.060505364183697445,0.4042373617090287
0.6112224448897795,1.5681340670335167,0.06036018005383266,0.40281602890614365
0.6132264529058116,1.573111555777889,0.06021574108363827,0.4013940009781487
0.6152304609218436,1.578089044522261,0.06007204124072564,0.39997138845571273
0.6172344689378757,1.5830665332666334,0.059929074559899105,0.3985482999421887
0.6192384769539078,1.5880440220110055,0.059786835142200935,0.3971248421381975
0.6212424849699398,1.5930215107553778,0.059645317153972824,0.3957011198660062
0.6232464929859719,1.5979989994997499,0.05950451482593347,0.3942772360937013
0.625250501002004,1.602976488244122,0.05936442245227214,0.3928532919591534
0.627254509018036,1.6079539769884943,0.05922503438975771,0.3914293867937741
0.6292585170340681,1.6129314657328664,0.059086345056862846,0.39000561814606366
0.6312625250501002,1.6179089544772387,0.05894834893290329,0.38858208180494613
0.6332665330661322,1.6228864432216108,0.05881104055719154,0.38715887182289516
0.6352705410821643,1.627863931965983,0.0586744145282051,0.38573608053884645
0.6372745490981964,1.6328414207103552,0.05853846550276847,0.38431379860089787
0.6392785571142284,1.6378189094547273,0.058403188195249214,0.38289211498879644
0.6412825651302605,1.6427963981990996,0.05826857737676725,0.3814711170362115
0.6432865731462926,1.6477738869434717,0.058134627874417505,0.3800508904527946
0.6452905811623246,1.652751375687844,0.058001334570505485,0.37863151934602457
0.6472945891783567,1.6577288644322161,0.05786869240179559,0.37721308624284006
0.6492985971943888,1.6627063531765882,0.05773669635877179,0.37579567211105613
0.6513026052104208,1.6676838419209605,0.0576053414849106,0.3743793563805685
0.6533066132264529,1.6726613306653326,0.05747462287596601,0.37296421696434373
0.655310621242485,1.677638819409705,0.057344535679266166,0.37155033027919554
0.657314629258517,1.682616308154077,0.05721507509302148,0.37013777126634845
0.6593186372745491,1.6875937968984491,0.057086236365644194,0.36872661341178853
0.6613226452905812,1.6925712856428214,0.05695801479507885,0.3673169287664024
0.6633266533066132,1.6975487743871935,0.05683040572814377,0.36590878796590415
0.6653306613226453,1.7025262631315659,0.05670340455988304,0.3645022602505509
0.6673346693386774,1.707503751875938,0.056577006732929154,0.3630974134846499
0.6693386773547094,1.7124812406203103,0.05645120773687562,0.36169431417585307
0.6713426853707415,1.7174587293646824,0.056326003107659936,0.36029302749424547
0.6733466933867736,1.7224362181090545,0.056201388426956225,0.35889361729122404
0.6753507014028056,1.7274137068534268,0.056077359321577654,0.3574961461181703
0.6773547094188377,1.7323911955977989,0.05595391146288825,0.3561006752449163
0.6793587174348698,1.7373686843421712,0.05583104056622422,0.3547072646780054
0.6813627254509018,1.7423461730865433,0.0557087423903242,0.3533159731787494
0.6833667334669339,1.7473236618309154,0.05558701273676868,0.3519268582810823
0.685370741482966,1.7523011505752877,0.055465847449428084,0.35053997630921124
0.687374749498998,1.7572786393196598,0.05534524241391961,0.3491553823950689
0.6893787575150301,1.762256128064032,0.05522519355707254,0.3477731304955631
0.6913827655310621,1.7672336168084042,0.05510569684640178,0.34639327340963055
0.6933867735470942,1.7722111055527763,0.05498674828958972,0.3450158627950923
0.6953907815631263,1.7771885942971486,0.05486834393397611,0.3436409491853125
0.6973947895791583,1.7821660830415207,0.05475047986605564,0.3422685820056641
0.6993987975951904,1.787143571785893,0.05463315221098351,0.34089880958979984
0.7014028056112225,1.792121060530265,0.05451635713208847,0.3395316791957317
0.7034068136272545,1.7970985492746374,0.05440009083039326,0.33816723702171925
0.7054108216432866,1.8020760380190095,0.05428434954414253,0.33680552822196985
0.7074148296593187,1.8070535267633816,0.05416912954833788,0.3354465969221493
0.7094188376753507,1.812031015507754,0.05405442715427989,0.3340904862347071
0.7114228456913828,1.817008504252126,0.053940238709117225,0.33273723827401663
0.7134268537074149,1.8219859929964983,0.053826560595402466,0.33138689417133094
0.7154308617234469,1.8269634817408704,0.053713389230654704,0.3300394940895574
0.717434869739479,1.8319409704852425,0.053600721066928605,0.3286950772378507
0.7194388777555111,1.8369184592296148,0.05348855259039003,0.3273536818860272
0.7214428857715431,1.841895947973987,0.053376880320898025,0.3260153453788021
0.7234468937875751,1.8468734367183592,0.05326570081159284,0.3246801041498487
0.7254509018036072,1.8518509254627313,0.05315501064849038,0.3233479937356852
0.7274549098196392,1.8568284142071037,0.053044806450082374,0.3220190487893864
0.7294589178356713,1.8618059029514757,0.0529350848669427,0.320693303094125
0.7314629258517034,1.8667833916958478,0.05282584258133933,0.3193707895765425
0.7334669338677354,1.8717608804402202,0.052717076306852115,0.31805154031995103
0.7354709418837675,1.8767383691845922,0.0526087827879961,0.3167355865773692
0.7374749498997996,1.8817158579289646,0.05250095879985036,0.3154229587843913
0.7394789579158316,1.8866933466733367,0.052393601147692315,0.31411368657189354
0.7414829659318637,1.8916708354177088,0.05228670666663726,0.3128077987785773
0.7434869739478958,1.896648324162081,0.052180272221283255,0.311505323463352
0.7454909819639278,1.9016258129064532,0.052074294705361034,0.31020628791755867
0.7474949899799599,1.9066033016508255,0.05196877104138905,0.308910718677035
0.749498997995992,1.9115807903951976,0.05186369818033346,0.30761864153402557
0.751503006012024,1.9165582791395699,0.05175907310127304,0.30633008154893654
0.7535070140280561,1.921535767883942,0.051654892811068734,0.30504506306193757
0.7555110220440882,1.926513256628314,0.05155115434403824,0.30376360970441213
0.7575150300601202,1.9314907453726864,0.05144785476163488,0.3024857444102578
0.7595190380761523,1.9364682341170585,0.05134499115213129,0.3012114894270383
0.7615230460921844,1.9414457228614308,0.05124256063030749,0.2999408663269887
0.7635270541082164,1.946423211605803,0.05114056033714336,0.2986738960178746
0.7655310621242485,1.951400700350175,0.05103898743951553,0.2974105987537085
0.7675350701402806,1.9563781890945473,0.05093783912989842,0.29615099414532275
0.7695390781563126,1.9613556778389194,0.05083711262606959,0.29489510117080286
0.7715430861723447,1.9663331665832917,0.05073680517081917,0.2936429381857799
0.7735470941883767,1.9713106553276638,0.05063691403166329,0.2923945229335871
0.7755511022044088,1.9762881440720361,0.05053743650056161,0.29114987255527813
0.7775551102204409,1.9812656328164082,0.05043836989363871,0.28990900359951216
0.779559118236473,1.9862431215607803,0.05033971155090936,0.2886719320323045
0.781563126252505,1.9912206103051526,0.050241458836007544,0.2874386732466459
0.7835671342685371,1.9961980990495247,0.050143609135919316,0.28620924207199133
0.7855711422845691,2.001175587793897,0.05004615986071922,0.28498365278361953
0.7875751503006012,2.0061530765382694,0.04994910844331043,0.2837619191118657
0.7895791583166333,2.0111305652826412,0.049852452339168365,0.28254405425122747
0.7915831663326653,2.0161080540270135,0.049756189026087874,0.28133007086934597
0.7935871743486974,2.021085542771386,0.049660316003933815,0.28011998111586517
0.7955911823647295,2.0260630315157577,0.04956483079439499,0.27891379663116767
0.7975951903807615,2.03104052026013,0.04946973094074156,0.27771152855499087
0.7995991983967936,2.0360180090045024,0.049375014007585566,0.2765131875349243
0.8016032064128257,2.0409954977488742,0.04928067758064482,0.27531878373478913
0.8036072144288577,2.0459729864932465,0.049186719266509825,0.27412832684290056
0.8056112224448898,2.050950475237619,0.04909313669241402,0.27294182608021744
0.8076152304609219,2.055927963981991,0.0489999275060069,0.2717592902083759
0.8096192384769539,2.060905452726363,0.04890708937513034,0.27058072753761253
0.811623246492986,2.0658829414707354,0.04881461998759773,0.26940614593457524
0.8136272545090181,2.0708604302151077,0.04872251705097621,0.26823555283002654
0.8156312625250501,2.0758379189594796,0.04863077829237169,0.2670689552264364
0.8176352705410822,2.080815407703852,0.04853940145821675,0.2659063597054695
0.8196392785571143,2.085792896448224,0.04844838431406131,0.26474777243536646
0.8216432865731463,2.0907703851925965,0.04835772464436613,0.2635931991782208
0.8236472945891784,2.0957478739369684,0.0482674202522989,0.2624426452971527
0.8256513026052105,2.1007253626813407,0.04817746895953315,0.2612961157633804
0.8276553106212425,2.105702851425713,0.04808786860604967,0.2601536151631922
0.8296593186372746,2.110680340170085,0.04799861704994054,0.25901514770481804
0.8316633266533067,2.115657828914457,0.047909712167215825,0.25788071722520284
0.8336673346693386,2.1206353176588295,0.04782115185161259,0.2567503271966842
0.8356713426853707,2.1256128064032014,0.04773293401440655,0.2556239807335727
0.8376753507014028,2.1305902951475737,0.04764505658422604,0.2545016805986384
0.8396793587174348,2.135567783891946,0.04755751750686849,0.25338342920950463
0.8416833667334669,2.1405452726363183,0.0474703147451192,0.25226922864494816
0.843687374749499,2.14552276138069,0.04738344627857237,0.2511590806511096
0.845691382765531,2.1505002501250625,0.04729691010345463,0.2500529866476128
0.8476953907815631,2.155477738869435,0.047210704232450544,0.24895094773359644
0.8496993987975952,2.1604552276138067,0.0471248266945306,0.2478529646936576
0.8517034068136272,2.165432716358179,0.04703927553478118,0.24675903800370816
0.8537074148296593,2.1704102051025513,0.04695404881423693,0.24566916783674714
0.8557114228456913,2.1753876938469237,0.0468691446097149,0.24458335406854714
0.8577154308617234,2.1803651825912955,0.04678456101365111,0.2435015962832588
0.8597194388777555,2.185342671335668,0.04670029613393902,0.2424238937789319
0.8617234468937875,2.19032016008004,0.046616348093770056,0.24135024557295653
0.8637274549098196,2.195297648824412,0.046532715031476095,0.2402806504074231
0.8657314629258517,2.2002751375687843,0.046449395100374026,0.23921510675440366
0.8677354709418837,2.2052526263131567,0.04636638646861214,0.23815361282115557
0.8697394789579158,2.210230115057529,0.04628368731901849,0.2370961665552473
0.8717434869739479,2.215207603801901,0.04620129584895114,0.23604276564960916
0.87374749498998,2.220185092546273,0.04611921027015026,0.23499340754750775
0.875751503006012,2.2251625812906455,0.04603742880859199,0.23394808944744783
0.8777555110220441,2.2301400700350174,0.04595594970434425,0.23290680830799998
0.8797595190380761,2.2351175587793897,0.04587477121142422,0.23186956085255622
0.8817635270541082,2.240095047523762,0.045793891597657545,0.2308363435740152
0.8837675350701403,2.245072536268134,0.045713309144539374,0.22980715273939634
0.8857715430861723,2.250050025012506,0.04563302214709701,0.2287819843943846
0.8877755511022044,2.2550275137568785,0.045553028913754304,0.227760834367808
0.8897795591182365,2.260005002501251,0.04547332776619762,0.22674369827604587
0.8917835671342685,2.2649824912456227,0.04539391703924349,0.2257305715273723
0.8937875751503006,2.269959979989995,0.045314795080707924,0.22472144932623203
0.8957915831663327,2.2749374687343673,0.04523596025127713,0.22371632667745334
0.8977955911823647,2.279914957478739,0.045157410924379984,0.22271519839039575
0.8997995991983968,2.2848924462231115,0.04507914548606192,0.22171805908303457
0.9018036072144289,2.289869934967484,0.04500116233486039,0.22072490318598423
0.9038076152304609,2.294847423711856,0.04492345988168181,0.21973572494645885
0.905811623246493,2.299824912456228,0.04484603654967993,0.21875051843217339
0.9078156312625251,2.3048024012006003,0.04476889077413575,0.21776927753518371
0.9098196392785571,2.3097798899449726,0.04469202100233879,0.21679199597566898
0.9118236472945892,2.3147573786893445,0.04461542569346978,0.21581866730565546
0.9138276553106213,2.319734867433717,0.0445391033184848,0.2148492849126817
0.9158316633266533,2.324712356178089,0.044463052360000734,0.21388384202340927
0.9178356713426854,2.3296898449224615,0.044387271312182085,0.21292233170717592
0.9198396793587175,2.3346673336668333,0.04431175868062917,0.21196474687949424
0.9218436873747495,2.3396448224112056,0.04423651298226757,0.2110110803054961
0.9238476953907816,2.344622311155578,0.044161532745238916,0.21006132460332327
0.9258517034068137,2.34959979989995,0.04408681650879296,0.20911547224746554
0.9278557114228457,2.354577288644322,0.04401236282318083,0.20817351557204597
0.9298597194388778,2.3595547773886945,0.04393817024954973,0.2072354467740554
0.9318637274549099,2.3645322661330663,0.04386423735983857,0.2063012579165365
0.9338677354709419,2.3695097548774386,0.043790562736675094,0.20537094093171632
0.935871743486974,2.374487243621811,0.04371714497327404,0.20444448762409145
0.9378757515030061,2.3794647323661833,0.043643982673336454,0.2035218896734633
0.9398797595190381,2.384442221110555,0.04357107445095036,0.2026031386379256
0.9418837675350702,2.3894197098549275,0.04349841893049231,0.20168822595680475
0.9438877755511023,2.3943971985993,0.04342601474653031,0.20077714295355367
0.9458917835671342,2.3993746873436717,0.043353860543727654,0.19986988083859952
0.9478957915831663,2.404352176088044,0.04328195497674803,0.1989664307121455
0.9498997995991983,2.4093296648324163,0.04321029671016161,0.19806678356692906
0.9519038076152304,2.4143071535767886,0.04313888441835225,0.1971709302909351
0.9539078156312625,2.4192846423211605,0.043067716785425716,0.19627886167006595
0.9559118236472945,2.424262131065533,0.04299679250511899,0.19539056839076838
0.9579158316633266,2.429239619809905,0.042926110280710576,0.19450604104261887
0.9599198396793587,2.434217108554277,0.042855668824931824,0.19362527012086636
0.9619238476953907,2.4391945972986493,0.042785466859879294,0.1927482460289343
0.9639278557114228,2.4441720860430216,0.04271550311692805,0.19187495908088262
0.9659318637274549,2.4491495747873935,0.042645776336645964,0.19100539950382894
0.9679358717434869,2.454127063531766,0.042576285268708956,0.1901395574403308
0.969939879759519,2.459104552276138,0.04250702867181722,0.18927742295072927
0.9719438877755511,2.4640820410205104,0.04243800531361238,0.18841898601545404
0.9739478957915831,2.4690595297648823,0.0423692139705955,0.18756423653729062
0.9759519038076152,2.4740370185092546,0.04230065342804616,0.18671316434361063
0.9779559118236473,2.479014507253627,0.042232322479942234,0.18586575918856535
0.9799599198396793,2.483991995997999,0.04216421992888072,0.18502201075524322
0.9819639278557114,2.488969484742371,0.042096344585999375,0.18418190865779108
0.9839679358717435,2.4939469734867434,0.04202869527089921,0.18334544244350146
0.9859719438877755,2.4989244622311158,0.04196127081156786,0.18251260159486418
0.9879759519038076,2.5039019509754876,0.04189407004430382,0.18168337553158437
0.9899799599198397,2.50887943971986,0.04182709181364145,0.18085775361256623
0.9919839679358717,2.5138569284642323,0.04176033497227685,0.1800357251378651
0.9939879759519038,2.518834417208604,0.04169379838099453,0.1792172793506048
0.9959919839679359,2.5238119059529764,0.04162748090859489,0.17840240543886451
0.9979959919839679,2.5287893946973488,0.04156138143182247,0.17759109253753289
1.0,2.533766883441721,0.04149549883529504,0.1767833297301314
NaN,2.538744372186093,NaN,0.17597910605060654
NaN,2.5437218609304653,NaN,0.1751784104850918
NaN,2.5486993496748376,NaN,0.17438123197363956
NaN,2.5536768384192094,NaN,0.17358755941192366
NaN,2.5586543271635818,NaN,0.17279738165291283
NaN,2.563631815907954,NaN,0.17201068750851517
NaN,2.568609304652326,NaN,0.17122746575119482
NaN,2.5735867933966983,NaN,0.17044770511556043
NaN,2.5785642821410706,NaN,0.16967139429992645
NaN,2.583541770885443,NaN,0.1688985219678473
NaN,2.5885192596298148,NaN,0.1681290767496249
NaN,2.593496748374187,NaN,0.16736304724378953
NaN,2.5984742371185594,NaN,0.16660042201855588
NaN,2.6034517258629313,NaN,0.16584118961325262
NaN,2.6084292146073036,NaN,0.16508533853972718
NaN,2.613406703351676,NaN,0.164332857283726
NaN,2.6183841920960482,NaN,0.16358373430625
NaN,2.62336168084042,NaN,0.1628379580448866
NaN,2.6283391695847924,NaN,0.16209551691511723
NaN,2.6333166583291647,NaN,0.16135639931160245
NaN,2.6382941470735366,NaN,0.16062059360944372
NaN,2.643271635817909,NaN,0.15988808816542197
NaN,2.6482491245622812,NaN,0.15915887131921508
NaN,2.6532266133066535,NaN,0.15843293139459227
NaN,2.6582041020510254,NaN,0.15771025670058772
NaN,2.6631815907953977,NaN,0.15699083553265183
NaN,2.66815907953977,NaN,0.15627465617378275
NaN,2.673136568284142,NaN,0.15556170689563653
NaN,2.6781140570285142,NaN,0.15485197595961633
NaN,2.6830915457728866,NaN,0.15414545161794319
NaN,2.6880690345172584,NaN,0.15344212211470526
NaN,2.6930465232616307,NaN,0.1527419756868886
NaN,2.698024012006003,NaN,0.1520450005653887
NaN,2.7030015007503754,NaN,0.15135118497600258
NaN,2.7079789894947472,NaN,0.15066051714040324
NaN,2.7129564782391196,NaN,0.14997298527709432
NaN,2.717933966983492,NaN,0.14928857760234837
NaN,2.7229114557278637,NaN,0.14860728233112647
NaN,2.727888944472236,NaN,0.14792908767797966
NaN,2.7328664332166084,NaN,0.14725398185793498
NaN,2.7378439219609807,NaN,0.14658195308736266
NaN,2.7428214107053526,NaN,0.14591298958482773
NaN,2.747798899449725,NaN,0.14524707957192462
NaN,2.752776388194097,NaN,0.14458421127409568
NaN,2.757753876938469,NaN,0.14392437292143423
NaN,2.7627313656828414,NaN,0.1432675527494707
NaN,2.7677088544272137,NaN,0.14261373899994437
NaN,2.7726863431715856,NaN,0.14196291992155977
NaN,2.777663831915958,NaN,0.14131508377072707
NaN,2.78264132066033,NaN,0.14067021881228925
NaN,2.7876188094047025,NaN,0.1400283133202329
NaN,2.7925962981490744,NaN,0.1393893555783867
NaN,2.7975737868934467,NaN,0.1387533338811036
NaN,2.802551275637819,NaN,0.13812023653393124
NaN,2.807528764382191,NaN,0.137490051854267
NaN,2.812506253126563,NaN,0.13686276817200044
NaN,2.8174837418709355,NaN,0.13623837383014248
NaN,2.822461230615308,NaN,0.13561685718544111
NaN,2.8274387193596797,NaN,0.13499820660898457
NaN,2.832416208104052,NaN,0.13438241048679167
NaN,2.8373936968484244,NaN,0.13376945722038985
NaN,2.8423711855927962,NaN,0.13315933522738105
NaN,2.8473486743371685,NaN,0.13255203294199489
NaN,2.852326163081541,NaN,0.13194753881563095
NaN,2.857303651825913,NaN,0.1313458413173885
NaN,2.862281140570285,NaN,0.13074692893458523
NaN,2.8672586293146574,NaN,0.13015079017326422
NaN,2.8722361180590297,NaN,0.12955741355869038
NaN,2.8772136068034015,NaN,0.12896678763583524
NaN,2.882191095547774,NaN,0.12837890096985136
NaN,2.887168584292146,NaN,0.12779374214653577
NaN,2.892146073036518,NaN,0.12721129977278384
NaN,2.8971235617808904,NaN,0.12663156247703106
NaN,2.9021010505252627,NaN,0.12605451890968686
NaN,2.907078539269635,NaN,0.12548015774355686
NaN,2.912056028014007,NaN,0.12490846767425604
NaN,2.917033516758379,NaN,0.12433943742061158
NaN,2.9220110055027515,NaN,0.12377305572505751
NaN,2.9269884942471234,NaN,0.12320931135401852
NaN,2.9319659829914957,NaN,0.1226481930982853
NaN,2.936943471735868,NaN,0.12208968977338105
NaN,2.9419209604802403,NaN,0.12153379021991856
NaN,2.946898449224612,NaN,0.12098048330394875
NaN,2.9518759379689845,NaN,0.1204297579173005
NaN,2.956853426713357,NaN,0.11988160297791234
NaN,2.9618309154577287,NaN,0.11933600743015545
NaN,2.966808404202101,NaN,0.11879296024514834
NaN,2.9717858929464733,NaN,0.11825245042106391
NaN,2.9767633816908456,NaN,0.1177144669834281
NaN,2.9817408704352175,NaN,0.11717899898541116
NaN,2.98671835917959,NaN,0.11664603550811083
NaN,2.991695847923962,NaN,0.11611556566082815
NaN,2.996673336668334,NaN,0.11558757858133595
NaN,3.0016508254127063,NaN,0.11506206343613976
NaN,3.0066283141570787,NaN,0.11453900942073178
NaN,3.0116058029014505,NaN,0.11401840575983758
NaN,3.016583291645823,NaN,0.11350024170765591
NaN,3.021560780390195,NaN,0.11298450654809175
NaN,3.0265382691345675,NaN,0.11247118959498258
NaN,3.0315157578789393,NaN,0.11196028019231799
NaN,3.0364932466233117,NaN,0.11145176771445255
NaN,3.041470735367684,NaN,0.11094564156631305
NaN,3.046448224112056,NaN,0.11044189118359866
NaN,3.051425712856428,NaN,0.10994050603297505
NaN,3.0564032016008005,NaN,0.10944147561226286
NaN,3.061380690345173,NaN,0.10894478945061965
NaN,3.0663581790895447,NaN,0.10845043710871653
NaN,3.071335667833917,NaN,0.10795840817890827
NaN,3.0763131565782893,NaN,0.10746869228539865
NaN,3.081290645322661,NaN,0.10698127908439939
NaN,3.0862681340670335,NaN,0.10649615826428398
NaN,3.091245622811406,NaN,0.10601331954573635
NaN,3.0962231115557777,NaN,0.10553275268189381
NaN,3.10120060030015,NaN,0.1050544474584847
NaN,3.1061780890445223,NaN,0.10457839369396159
NaN,3.1111555777888946,NaN,0.10410458123962875
NaN,3.1161330665332665,NaN,0.10363299997976509
NaN,3.121110555277639,NaN,0.10316363983174187
NaN,3.126088044022011,NaN,0.10269649074613617
NaN,3.131065532766383,NaN,0.1022315427068392
NaN,3.1360430215107553,NaN,0.10176878573115997
NaN,3.1410205102551276,NaN,0.10130820986992503
NaN,3.1459979989995,NaN,0.10084980520757314
NaN,3.150975487743872,NaN,0.10039356186224561
NaN,3.155952976488244,NaN,0.09993946998587283
NaN,3.1609304652326164,NaN,0.0994875197642561
NaN,3.1659079539769883,NaN,0.09903770141714552
NaN,3.1708854427213606,NaN,0.09859000519831371
NaN,3.175862931465733,NaN,0.09814442139562571
NaN,3.1808404202101053,NaN,0.09770094033110494
NaN,3.185817908954477,NaN,0.0972595523609949
NaN,3.1907953976988495,NaN,0.09682024787581761
NaN,3.1957728864432218,NaN,0.09638301730042827
NaN,3.2007503751875936,NaN,0.09594785109406567
NaN,3.205727863931966,NaN,0.0955147397504
NaN,3.2107053526763383,NaN,0.09508367379757628
NaN,3.21568284142071,NaN,0.09465464379825478
NaN,3.2206603301650825,NaN,0.09422764034964787
NaN,3.225637818909455,NaN,0.09380265408355369
NaN,3.230615307653827,NaN,0.09337967566638655
NaN,3.235592796398199,NaN,0.09295869579920397
NaN,3.2405702851425713,NaN,0.0925397052177306
NaN,3.2455477738869436,NaN,0.09212269469237919
NaN,3.2505252626313155,NaN,0.09170765502826854
NaN,3.255502751375688,NaN,0.09129457706523814
NaN,3.26048024012006,NaN,0.09088345167786048
NaN,3.2654577288644324,NaN,0.09047426977544994
NaN,3.2704352176088043,NaN,0.09006702230206932
NaN,3.2754127063531766,NaN,0.089661700236533
NaN,3.280390195097549,NaN,0.08925829459240826
NaN,3.285367683841921,NaN,0.0888567964180133
NaN,3.290345172586293,NaN,0.08845719679641273
NaN,3.2953226613306654,NaN,0.08805948684541094
NaN,3.3003001500750373,NaN,0.08766365771754243
NaN,3.3052776388194096,NaN,0.08726970060006002
NaN,3.310255127563782,NaN,0.08687760671492065
NaN,3.3152326163081542,NaN,0.08648736731876859
NaN,3.320210105052526,NaN,0.08609897370291685
NaN,3.3251875937968984,NaN,0.08571241719332545
NaN,3.3301650825412707,NaN,0.08532768915057858
NaN,3.3351425712856426,NaN,0.0849447809698588
NaN,3.340120060030015,NaN,0.08456368408091913
NaN,3.3450975487743873,NaN,0.08418438994805369
NaN,3.3500750375187596,NaN,0.0838068900700655
NaN,3.3550525262631314,NaN,0.08343117598023303
NaN,3.3600300150075038,NaN,0.08305723924627402
NaN,3.365007503751876,NaN,0.08268507147030804
NaN,3.369984992496248,NaN,0.08231466428881702
NaN,3.3749624812406203,NaN,0.08194600937260348
NaN,3.3799399699849926,NaN,0.08157909842674768
NaN,3.384917458729365,NaN,0.08121392319056245
NaN,3.3898949474737368,NaN,0.0808504754375466
NaN,3.394872436218109,NaN,0.08048874697533635
NaN,3.3998499249624814,NaN,0.08012872964565558
NaN,3.4048274137068533,NaN,0.07977041532426406
NaN,3.4098049024512256,NaN,0.07941379592090407
NaN,3.414782391195598,NaN,0.0790588633792458
NaN,3.4197598799399698,NaN,0.07870560967683118
NaN,3.424737368684342,NaN,0.07835402682501569
NaN,3.4297148574287144,NaN,0.07800410686890963
NaN,3.4346923461730867,NaN,0.0776558418873172
NaN,3.4396698349174586,NaN,0.07730922399267467
NaN,3.444647323661831,NaN,0.0769642453309868
NaN,3.4496248124062032,NaN,0.07662089808176242
NaN,3.454602301150575,NaN,0.07627917445794835
NaN,3.4595797898949474,NaN,0.07593906670586213
NaN,3.4645572786393197,NaN,0.07560056710512368
NaN,3.469534767383692,NaN,0.07526366796858566
NaN,3.474512256128064,NaN,0.07492836164226248
NaN,3.4794897448724362,NaN,0.07459464050525852
NaN,3.4844672336168085,NaN,0.07426249696969496
NaN,3.4894447223611804,NaN,0.07393192348063568
NaN,3.4944222111055527,NaN,0.0736029125160119
NaN,3.499399699849925,NaN,0.07327545658654605
NaN,3.5043771885942974,NaN,0.07294954823567451
NaN,3.5093546773386692,NaN,0.07262518003946909
NaN,3.5143321660830416,NaN,0.07230234460655814
NaN,3.519309654827414,NaN,0.07198103457804624
NaN,3.5242871435717857,NaN,0.07166124262743309
NaN,3.529264632316158,NaN,0.07134296146053158
NaN,3.5342421210605304,NaN,0.07102618381538507
NaN,3.5392196098049022,NaN,0.07071090246218364
NaN,3.5441970985492746,NaN,0.07039711020317956
NaN,3.549174587293647,NaN,0.07008479987260206
NaN,3.554152076038019,NaN,0.06977396433657143
NaN,3.559129564782391,NaN,0.06946459649301209
NaN,3.5641070535267634,NaN,0.06915668927156478
NaN,3.5690845422711357,NaN,0.06885023563349897
NaN,3.5740620310155076,NaN,0.06854522857162328
NaN,3.57903951975988,NaN,0.06824166111019624
NaN,3.584017008504252,NaN,0.06793952630483595
NaN,3.5889944972486245,NaN,0.06763881724242912
NaN,3.5939719859929964,NaN,0.06733952704103979
NaN,3.5989494747373687,NaN,0.06704164884981681
NaN,3.603926963481741,NaN,0.06674517584890179
NaN,3.608904452226113,NaN,0.06645010124933529
NaN,3.613881940970485,NaN,0.06615641829296341
NaN,3.6188594297148575,NaN,0.06586412025234338
NaN,3.6238369184592294,NaN,0.06557320043064893
NaN,3.6288144072036017,NaN,0.06528365216157471
NaN,3.633791895947974,NaN,0.06499546880924091
NaN,3.6387693846923463,NaN,0.06470864376809686
NaN,3.643746873436718,NaN,0.06442317046282439
NaN,3.6487243621810905,NaN,0.06413904234824092
NaN,3.653701850925463,NaN,0.06385625290920177
NaN,3.6586793396698347,NaN,0.06357479566050264
NaN,3.663656828414207,NaN,0.06329466414678109
NaN,3.6686343171585793,NaN,0.06301585194241806
NaN,3.6736118059029517,NaN,0.06273835265143901
NaN,3.6785892946473235,NaN,0.06246215990741463
NaN,3.683566783391696,NaN,0.062187267373361076
NaN,3.688544272136068,NaN,0.061913668741640344
NaN,3.69352176088044,NaN,0.06164135773386005
NaN,3.6984992496248124,NaN,0.061370328100772684
NaN,3.7034767383691847,NaN,0.06110057362217545
NaN,3.708454227113557,NaN,0.060832088106808624
NaN,3.713431715857929,NaN,0.060564865392255
NaN,3.718409204602301,NaN,0.0602988993448379
NaN,3.7233866933466735,NaN,0.060034183859519946
NaN,3.7283641820910454,NaN,0.05977071285980097
NaN,3.7333416708354177,NaN,0.05950848029761596
NaN,3.73831915957979,NaN,0.05924748015323304
NaN,3.743296648324162,NaN,0.058987706435150916
NaN,3.748274137068534,NaN,0.058729153179996336
NaN,3.7532516258129065,NaN,0.05847181445242143
NaN,3.758229114557279,NaN,0.058215684345000934
NaN,3.7632066033016507,NaN,0.05796075697812914
NaN,3.768184092046023,NaN,0.057707026499916894
NaN,3.7731615807903953,NaN,0.057454487086088336
NaN,3.778139069534767,NaN,0.057203132939877846
NaN,3.7831165582791395,NaN,0.05695295829192638
NaN,3.788094047023512,NaN,0.056703957400178286
NaN,3.793071535767884,NaN,0.056456124549777775
NaN,3.798049024512256,NaN,0.056209454052965284
NaN,3.8030265132566283,NaN,0.05596394024897393
NaN,3.8080040020010006,NaN,0.055719577503925796
NaN,3.8129814907453725,NaN,0.05547636021072853
NaN,3.817958979489745,NaN,0.05523428278897125
NaN,3.822936468234117,NaN,0.0549933396848212
NaN,3.8279139569784895,NaN,0.054753525370919875
NaN,3.8328914457228613,NaN,0.054514834346279274
NaN,3.8378689344672337,NaN,0.05427726113617841
NaN,3.842846423211606,NaN,0.05404080029205934
NaN,3.847823911955978,NaN,0.05380544639142387
NaN,3.85280140070035,NaN,0.053571194037729586
NaN,3.8577788894447225,NaN,0.05333803786028654
NaN,3.8627563781890943,NaN,0.053105972514153624
NaN,3.8677338669334667,NaN,0.05287499268003511
NaN,3.872711355677839,NaN,0.05264509306417722
NaN,3.8776888444222113,NaN,0.052416268398264826
NaN,3.882666333166583,NaN,0.05218851343931824
NaN,3.8876438219109555,NaN,0.05196182296958979
NaN,3.892621310655328,NaN,0.05173619179646104
NaN,3.8975987993996997,NaN,0.051511614752339646
NaN,3.902576288144072,NaN,0.05128808669455641
NaN,3.9075537768884443,NaN,0.0510656025052625
NaN,3.9125312656328166,NaN,0.0508441570913269
NaN,3.9175087543771885,NaN,0.05062374538423369
NaN,3.922486243121561,NaN,0.050404362339979664
NaN,3.927463731865933,NaN,0.05018600293897204
NaN,3.932441220610305,NaN,0.0499686621859263
NaN,3.9374187093546773,NaN,0.049752335109764026
NaN,3.9423961980990496,NaN,0.04953701676351113
NaN,3.9473736868434215,NaN,0.049322702224196165
NaN,3.952351175587794,NaN,0.04910938659274851
NaN,3.957328664332166,NaN,0.04889706499389714
NaN,3.9623061530765384,NaN,0.048685732576069334
NaN,3.9672836418209103,NaN,0.04847538451128954
NaN,3.9722611305652826,NaN,0.04826601599507834
NaN,3.977238619309655,NaN,0.0480576222463519
NaN,3.982216108054027,NaN,0.04785019850732139
NaN,3.987193596798399,NaN,0.047643740043392384
NaN,3.9921710855427714,NaN,0.047438242143064885
NaN,3.9971485742871438,NaN,0.04723370011783334
NaN,4.002126063031516,NaN,0.04703010930208672
NaN,4.007103551775888,NaN,0.04682746505300885
NaN,4.01208104052026,NaN,0.04662576275047931
NaN,4.017058529264633,NaN,0.046424997796974024
NaN,4.022036018009005,NaN,0.04622516561746636
NaN,4.027013506753376,NaN,0.046026261659328375
NaN,4.031990995497749,NaN,0.04582828139223219
NaN,4.036968484242121,NaN,0.0456312203080519
NaN,4.041945972986493,NaN,0.04543507392076528
NaN,4.046923461730866,NaN,0.04523983776635605
NaN,4.051900950475238,NaN,0.04504550740271619
NaN,4.05687843921961,NaN,0.04485207840954857
NaN,4.061855927963982,NaN,0.04465954638826984
NaN,4.066833416708354,NaN,0.044467906961913405
NaN,4.071810905452726,NaN,0.04427715577503296
NaN,4.076788394197099,NaN,0.044087288493605874
NaN,4.081765882941471,NaN,0.04389830080493711
NaN,4.086743371685843,NaN,0.043710188417563384
NaN,4.0917208604302155,NaN,0.0435229470611573
NaN,4.096698349174587,NaN,0.043336572486432245
NaN,4.101675837918959,NaN,0.04315106046504684
NaN,4.106653326663332,NaN,0.04296640678951039
NaN,4.111630815407704,NaN,0.04278260727308823
NaN,4.116608304152076,NaN,0.042599657749707136
NaN,4.1215857928964486,NaN,0.04241755407386152
NaN,4.12656328164082,NaN,0.04223629212051943
NaN,4.131540770385192,NaN,0.04205586778502902
NaN,4.136518259129565,NaN,0.04187627698302532
NaN,4.141495747873937,NaN,0.04169751565033728
NaN,4.146473236618309,NaN,0.04151957974289498
NaN,4.151450725362682,NaN,0.04134246523663713
NaN,4.156428214107054,NaN,0.041166168127419085
NaN,4.161405702851425,NaN,0.04099068443092085
NaN,4.166383191595798,NaN,0.04081601018255539
NaN,4.17136068034017,NaN,0.040642141437377564
NaN,4.176338169084542,NaN,0.04046907426999291
NaN,4.181315657828915,NaN,0.04029680477446697
NaN,4.186293146573287,NaN,0.040125329064234855
NaN,4.191270635317659,NaN,0.03995464327201108
NaN,4.196248124062031,NaN,0.03978474354969975
NaN,4.201225612806403,NaN,0.0396156260683048
NaN,4.206203101550775,NaN,0.03944728701784106
NaN,4.211180590295148,NaN,0.039279722607244966
NaN,4.21615807903952,NaN,0.039112929064286026
NaN,4.221135567783892,NaN,0.03894690263547848
NaN,4.2261130565282645,NaN,0.03878163958599307
NaN,4.231090545272636,NaN,0.03861713619956942
NaN,4.236068034017008,NaN,0.03845338877842835
NaN,4.241045522761381,NaN,0.03829039364318491
NaN,4.246023011505753,NaN,0.038128147132761456
NaN,4.251000500250125,NaN,0.03796664560430094
NaN,4.2559779889944975,NaN,0.03780588543308081
NaN,4.26095547773887,NaN,0.03764586301242693
NaN,4.265932966483241,NaN,0.03748657475362799
NaN,4.270910455227614,NaN,0.037328017085850054
NaN,4.275887943971986,NaN,0.03717018645605168
NaN,4.280865432716358,NaN,0.03701307932889903
NaN,4.2858429214607305,NaN,0.03685669218668154
NaN,4.290820410205103,NaN,0.03670102152922775
NaN,4.295797898949475,NaN,0.03654606387382144
NaN,4.300775387693847,NaN,0.036391815755118295
NaN,4.305752876438219,NaN,0.036238273725062484
NaN,4.310730365182591,NaN,0.03608543435280399
NaN,4.3157078539269635,NaN,0.035933294224615844
NaN,4.320685342671336,NaN,0.03578184994381213
NaN,4.325662831415708,NaN,0.035631098130665714
NaN,4.33064032016008,NaN,0.03548103542232685
NaN,4.335617808904452,NaN,0.035331658472741674
NaN,4.340595297648824,NaN,0.03518296395257137
NaN,4.3455727863931966,NaN,0.035034948549111364
NaN,4.350550275137569,NaN,0.03488760896621091
NaN,4.355527763881941,NaN,0.034740941924193074
NaN,4.3605052526263135,NaN,0.034594944159774925
NaN,4.365482741370685,NaN,0.03444961242598814
NaN,4.370460230115057,NaN,0.034304943492099754
NaN,4.37543771885943,NaN,0.03416093414353344
NaN,4.380415207603802,NaN,0.03401758118179097
NaN,4.385392696348174,NaN,0.03387488142437398
NaN,4.3903701850925465,NaN,0.03373283170470609
NaN,4.395347673836919,NaN,0.033591428872055344
NaN,4.40032516258129,NaN,0.0334506697914569
NaN,4.405302651325663,NaN,0.033310551343636106
NaN,4.410280140070035,NaN,0.03317107042493192
NaN,4.415257628814407,NaN,0.03303222394722045
NaN,4.4202351175587795,NaN,0.03289400883783903
NaN,4.425212606303152,NaN,0.032756422039510485
NaN,4.430190095047524,NaN,0.03261946051026774
NaN,4.435167583791896,NaN,0.03248312122337875
NaN,4.440145072536268,NaN,0.032347401167271646
NaN,4.44512256128064,NaN,0.03221229734546035
NaN,4.4501000500250125,NaN,0.03207780677647048
NaN,4.455077538769385,NaN,0.03194392649376533
NaN,4.460055027513757,NaN,0.0318106535456725
NaN,4.4650325162581295,NaN,0.03167798499531055
NaN,4.470010005002501,NaN,0.03154591792051622
NaN,4.474987493746873,NaN,0.03141444941377161
NaN,4.4799649824912455,NaN,0.03128357658213213
NaN,4.484942471235618,NaN,0.0311532965471543
NaN,4.48991995997999,NaN,0.031023606444824235
NaN,4.4948974487243625,NaN,0.030894503425486088
NaN,4.499874937468735,NaN,0.030765984653771117
NaN,4.504852426213106,NaN,0.030638047308526872
NaN,4.5098299149574785,NaN,0.03051068858274667
NaN,4.514807403701851,NaN,0.030383905683499537
NaN,4.519784892446223,NaN,0.030257695831860335
NaN,4.5247623811905955,NaN,0.03013205626284014
NaN,4.529739869934968,NaN,0.030006984225317026
NaN,4.534717358679339,NaN,0.029882476981967217
NaN,4.5396948474237115,NaN,0.029758531809196246
NaN,4.544672336168084,NaN,0.0296351459970708
NaN,4.549649824912456,NaN,0.029512316849250562
NaN,4.5546273136568285,NaN,0.029390041682920608
NaN,4.559604802401201,NaN,0.029268317828723717
NaN,4.564582291145573,NaN,0.02914714263069348
NaN,4.5695597798899446,NaN,0.02902651344618739
NaN,4.574537268634317,NaN,0.028906427645820083
NaN,4.579514757378689,NaN,0.028786882613397468
NaN,4.5844922461230615,NaN,0.028667875745850425
NaN,4.589469734867434,NaN,0.028549404453169322
NaN,4.594447223611806,NaN,0.028431466158338643
NaN,4.5994247123561784,NaN,0.028314058297271853
NaN,4.60440220110055,NaN,0.02819717831874669
NaN,4.609379689844922,NaN,0.02808082368434057
NaN,4.6143571785892945,NaN,0.02796499186836652
NaN,4.619334667333667,NaN,0.02784968035780926
NaN,4.624312156078039,NaN,0.027734886652261453
NaN,4.6292896448224115,NaN,0.02762060826386058
NaN,4.634267133566784,NaN,0.027506842717225765
NaN,4.639244622311155,NaN,0.027393587549395082
NaN,4.6442221110555275,NaN,0.027280840309763094
NaN,4.6491995997999,NaN,0.02716859856001864
NaN,4.654177088544272,NaN,0.027056859874083055
NaN,4.6591545772886445,NaN,0.026945621838048443
NaN,4.664132066033017,NaN,0.026834882050116457
NaN,4.669109554777389,NaN,0.02672463812053719
NaN,4.6740870435217605,NaN,0.026614887671548498
NaN,4.679064532266133,NaN,0.026505628337315443
NaN,4.684042021010505,NaN,0.02639685776387018
NaN,4.6890195097548775,NaN,0.026288573609052027
NaN,4.69399699849925,NaN,0.026180773542447813
NaN,4.698974487243622,NaN,0.026073455245332566
NaN,4.703951975987994,NaN,0.025966616410610405
NaN,4.708929464732366,NaN,0.025860254742755724
NaN,4.713906953476738,NaN,0.025754367957754723
NaN,4.7188844422211105,NaN,0.02564895378304714
NaN,4.723861930965483,NaN,0.02554400995746827
NaN,4.728839419709855,NaN,0.02543953423119126
NaN,4.733816908454227,NaN,0.0253355243656697
NaN,4.7387943971986,NaN,0.025231978133580447
NaN,4.743771885942971,NaN,0.025128893318766804
NaN,4.7487493746873435,NaN,0.02502626771618173
NaN,4.753726863431716,NaN,0.024924099131831693
NaN,4.758704352176088,NaN,0.024822385382720517
NaN,4.76368184092046,NaN,0.024721124296793504
NaN,4.768659329664833,NaN,0.024620313712881998
NaN,4.773636818409204,NaN,0.024519951480647992
NaN,4.7786143071535765,NaN,0.024420035460529187
NaN,4.783591795897949,NaN,0.02432056352368419
NaN,4.788569284642321,NaN,0.024221533551938075
NaN,4.793546773386693,NaN,0.02412294343772808
NaN,4.798524262131066,NaN,0.024024791084049712
NaN,4.803501750875438,NaN,0.02392707440440299
NaN,4.8084792396198095,NaN,0.02382979132273898
NaN,4.813456728364182,NaN,0.023732939773406604
NaN,4.818434217108554,NaN,0.02363651770109974
NaN,4.8234117058529264,NaN,0.023540523060804525
NaN,4.828389194597299,NaN,0.023444953817746875
NaN,4.833366683341671,NaN,0.023349807947340404
NaN,4.838344172086043,NaN,0.02325508343513439
NaN,4.843321660830415,NaN,0.023160778276762235
NaN,4.848299149574787,NaN,0.023066890477889866
NaN,4.8532766383191595,NaN,0.022973418054164793
NaN,4.858254127063532,NaN,0.022880359031164994
NaN,4.863231615807904,NaN,0.022787711444348373
NaN,4.868209104552276,NaN,0.02269547333900225
NaN,4.873186593296649,NaN,0.02260364277019324
NaN,4.87816408204102,NaN,0.02251221780271733
NaN,4.8831415707853925,NaN,0.022421196511050078
NaN,4.888119059529765,NaN,0.022330576979297318
NaN,4.893096548274137,NaN,0.02224035730114589
NaN,4.898074037018509,NaN,0.022150535579814674
NaN,4.903051525762882,NaN,0.02206110992800589
NaN,4.908029014507254,NaN,0.021972078467856614
NaN,4.9130065032516255,NaN,0.02188343933089052
NaN,4.917983991995998,NaN,0.021795190657969865
NaN,4.92296148074037,NaN,0.021707330599247832
NaN,4.927938969484742,NaN,0.02161985731412084
NaN,4.932916458229115,NaN,0.021532768971181344
NaN,4.937893946973487,NaN,0.0214460637481708
NaN,4.942871435717859,NaN,0.02135973983193272
NaN,4.947848924462231,NaN,0.021273795418366236
NaN,4.952826413206603,NaN,0.021188228712379558
NaN,4.957803901950975,NaN,0.021103037927844
NaN,4.962781390695348,NaN,0.021018221287547954
NaN,4.96775887943972,NaN,0.02093377702315133
NaN,4.972736368184092,NaN,0.020849703375139982
NaN,4.977713856928464,NaN,0.0207659985927806
NaN,4.982691345672836,NaN,0.02068266093407555
NaN,4.987668834417208,NaN,0.02059968866571836
NaN,4.992646323161581,NaN,0.0205170800630489
NaN,4.997623811905953,NaN,0.02043483341000922
NaN,5.002601300650325,NaN,0.020352946999099404
NaN,5.007578789394698,NaN,0.020271419131333675
NaN,5.012556278139069,NaN,0.020190248116196727
NaN,5.017533766883441,NaN,0.020109432271600294
NaN,5.022511255627814,NaN,0.020028969923839922
NaN,5.027488744372186,NaN,0.01994885940755196
NaN,5.032466233116558,NaN,0.01986909906567075
NaN,5.037443721860931,NaN,0.019789687249386064
NaN,5.042421210605303,NaN,0.01971062231810074
NaN,5.0473986993496744,NaN,0.019631902639388524
NaN,5.052376188094047,NaN,0.019553526588952097
NaN,5.057353676838419,NaN,0.019475492550581428
NaN,5.062331165582791,NaN,0.019397798916112173
NaN,5.067308654327164,NaN,0.019320444085384456
NaN,5.072286143071536,NaN,0.019243426466201637
NaN,5.077263631815908,NaN,0.019166744474289593
NaN,5.08224112056028,NaN,0.019090396533255883
NaN,5.087218609304652,NaN,0.019014381074549343
NaN,5.092196098049024,NaN,0.0189386965374198
NaN,5.097173586793397,NaN,0.018863341368878007
NaN,5.102151075537769,NaN,0.018788314023655772
NaN,5.107128564282141,NaN,0.018713612964166293
NaN,5.112106053026514,NaN,0.0186392366604647
NaN,5.117083541770885,NaN,0.018565183590208787
NaN,5.122061030515257,NaN,0.01849145223861993
NaN,5.12703851925963,NaN,0.01841804109844429
NaN,5.132016008004002,NaN,0.018344948669914072
NaN,5.136993496748374,NaN,0.01827217346070908
NaN,5.141970985492747,NaN,0.018199713985918495
NaN,5.146948474237119,NaN,0.018127568768002693
NaN,5.15192596298149,NaN,0.018055736336755494
NaN,5.156903451725863,NaN,0.017984215229266298
NaN,5.161880940470235,NaN,0.017913003989882777
NaN,5.166858429214607,NaN,0.017842101170173433
NaN,5.17183591795898,NaN,0.01777150532889056
NaN,5.176813406703352,NaN,0.017701215031933237
NaN,5.181790895447723,NaN,0.0176312288523107
NaN,5.186768384192096,NaN,0.01756154537010566
NaN,5.191745872936468,NaN,0.017492163172438086
NaN,5.19672336168084,NaN,0.017423080853428908
NaN,5.201700850425213,NaN,0.017354297014164074
NaN,5.206678339169585,NaN,0.017285810262658782
NaN,5.211655827913957,NaN,0.017217619213821776
NaN,5.216633316658329,NaN,0.017149722489420004
NaN,5.221610805402701,NaN,0.017082118718043247
NaN,5.226588294147073,NaN,0.017014806535069153
NaN,5.231565782891446,NaN,0.016947784582628245
NaN,5.236543271635818,NaN,0.016881051509569298
NaN,5.24152076038019,NaN,0.01681460597142473
NaN,5.246498249124563,NaN,0.01674844663037627
NaN,5.251475737868934,NaN,0.016682572155220763
NaN,5.256453226613306,NaN,0.01661698122133617
NaN,5.261430715357679,NaN,0.016551672510647753
NaN,5.266408204102051,NaN,0.016486644711594396
NaN,5.271385692846423,NaN,0.016421896519095085
NaN,5.276363181590796,NaN,0.016357426634515705
NaN,5.281340670335168,NaN,0.01629323376563576
NaN,5.286318159079539,NaN,0.016229316626615555
NaN,5.291295647823912,NaN,0.01616567393796324
NaN,5.296273136568284,NaN,0.016102304426502283
NaN,5.301250625312656,NaN,0.016039206825339016
NaN,5.306228114057029,NaN,0.015976379873830288
NaN,5.311205602801401,NaN,0.01591382231755139
NaN,5.316183091545773,NaN,0.01585153290826401
NaN,5.321160580290145,NaN,0.01578951040388458
NaN,5.326138069034517,NaN,0.0157277535684525
NaN,5.331115557778889,NaN,0.015666261172098756
NaN,5.336093046523262,NaN,0.015605031991014623
NaN,5.341070535267634,NaN,0.015544064807420467
NaN,5.346048024012006,NaN,0.01548335840953483
NaN,5.351025512756379,NaN,0.015422911591543562
NaN,5.35600300150075,NaN,0.015362723153569216
NaN,5.360980490245122,NaN,0.015302791901640455
NaN,5.365957978989495,NaN,0.015243116647661792
NaN,5.370935467733867,NaN,0.015183696209383436
NaN,5.375912956478239,NaN,0.01512452941037115
NaN,5.380890445222612,NaN,0.015065615079976474
NaN,5.385867933966984,NaN,0.015006952053306972
NaN,5.390845422711355,NaN,0.014948539171196679
NaN,5.395822911455728,NaN,0.0148903752801767
NaN,5.4008004002001,NaN,0.014832459232445923
NaN,5.405777888944472,NaN,0.014774789885841959
NaN,5.410755377688845,NaN,0.014717366103812171
NaN,5.415732866433217,NaN,0.014660186755384871
NaN,5.420710355177588,NaN,0.014603250715140698
NaN,5.425687843921961,NaN,0.01454655686318405
NaN,5.430665332666333,NaN,0.014490104085114766
NaN,5.435642821410705,NaN,0.01443389127199999
NaN,5.440620310155078,NaN,0.014377917320345986
NaN,5.44559779889945,NaN,0.014322181132070339
NaN,5.450575287643822,NaN,0.014266681614474083
NaN,5.455552776388194,NaN,0.014211417680214194
NaN,5.460530265132566,NaN,0.014156388247275985
NaN,5.465507753876938,NaN,0.014101592238945923
NaN,5.470485242621311,NaN,0.01404702858378426
NaN,5.475462731365683,NaN,0.013992696215598161
NaN,5.480440220110055,NaN,0.013938594073414641
NaN,5.485417708854428,NaN,0.013884721101453907
NaN,5.490395197598799,NaN,0.013831076249102677
NaN,5.495372686343171,NaN,0.013777658470887685
NaN,5.500350175087544,NaN,0.013724466726449376
NaN,5.505327663831916,NaN,0.013671499980515627
NaN,5.510305152576288,NaN,0.013618757202875727
NaN,5.515282641320661,NaN,0.01356623736835441
NaN,5.520260130065033,NaN,0.013513939456786046
NaN,5.525237618809404,NaN,0.013461862452989009
NaN,5.530215107553777,NaN,0.013410005346740072
NaN,5.535192596298149,NaN,0.013358367132749056
NaN,5.540170085042521,NaN,0.013306946810633564
NaN,5.545147573786894,NaN,0.013255743384893815
NaN,5.550125062531266,NaN,0.013204755864887667
NaN,5.555102551275638,NaN,0.013153983264805713
NaN,5.56008004002001,NaN,0.013103424603646566
NaN,5.565057528764382,NaN,0.013053078905192202
NaN,5.570035017508754,NaN,0.013002945197983536
NaN,5.575012506253127,NaN,0.012953022515296
NaN,5.579989994997499,NaN,0.01290330989511536
NaN,5.584967483741871,NaN,0.012853806380113594
NaN,5.589944972486244,NaN,0.012804511017624884
NaN,5.594922461230615,NaN,0.012755422859621866
NaN,5.599899949974987,NaN,0.01270654096269172
NaN,5.60487743871936,NaN,0.01265786438801279
NaN,5.609854927463732,NaN,0.012609392201330947
NaN,5.614832416208104,NaN,0.01256112347293626
NaN,5.619809904952477,NaN,0.01251305727763984
NaN,5.624787393696848,NaN,0.012465192694750635
NaN,5.62976488244122,NaN,0.012417528808052455
NaN,5.634742371185593,NaN,0.01237006470578118
NaN,5.639719859929965,NaN,0.012322799480601922
NaN,5.644697348674337,NaN,0.012275732229586441
NaN,5.64967483741871,NaN,0.0122288620541906
NaN,5.654652326163082,NaN,0.01218218806023201
NaN,5.659629814907453,NaN,0.012135709357867744
NaN,5.664607303651826,NaN,0.012089425061572125
NaN,5.669584792396198,NaN,0.012043334290114761
NaN,5.67456228114057,NaN,0.01199743616653859
NaN,5.679539769884943,NaN,0.011951729818138034
NaN,5.684517258629315,NaN,0.011906214376437347
NaN,5.689494747373687,NaN,0.011860888977169007
NaN,5.694472236118059,NaN,0.011815752760252242
NaN,5.699449724862431,NaN,0.011770804869771685
NaN,5.704427213606803,NaN,0.011726044453956115
NaN,5.709404702351176,NaN,0.011681470665157349
NaN,5.714382191095548,NaN,0.011637082659829191
NaN,5.71935967983992,NaN,0.011592879598506517
NaN,5.7243371685842925,NaN,0.011548860645784498
NaN,5.729314657328664,NaN,0.0115050249702979
NaN,5.734292146073036,NaN,0.011461371744700438
NaN,5.739269634817409,NaN,0.01141790014564441
NaN,5.744247123561781,NaN,0.01137460935376025
NaN,5.749224612306153,NaN,0.011331498553636259
NaN,5.7542021010505255,NaN,0.011288566933798509
NaN,5.759179589794898,NaN,0.011245813686690729
NaN,5.764157078539269,NaN,0.0112032380086544
NaN,5.769134567283642,NaN,0.011160839099908884
NaN,5.774112056028014,NaN,0.011118616164531742
NaN,5.779089544772386,NaN,0.011076568410439027
NaN,5.7840670335167585,NaN,0.011034695049365814
NaN,5.789044522261131,NaN,0.010992995296846749
NaN,5.794022011005503,NaN,0.010951468372196724
NaN,5.798999499749875,NaN,0.010910113498491674
NaN,5.803976988494247,NaN,0.0108689299025494
NaN,5.808954477238619,NaN,0.010827916814910627
NaN,5.813931965982992,NaN,0.010787073469820021
NaN,5.818909454727364,NaN,0.010746399105207383
NaN,5.823886943471736,NaN,0.010705892962668963
NaN,5.828864432216108,NaN,0.010665554287448756
NaN,5.83384192096048,NaN,0.010625382328420035
NaN,5.838819409704852,NaN,0.010585376338066922
NaN,5.843796898449225,NaN,0.010545535572466038
NaN,5.848774387193597,NaN,0.01050585929126825
NaN,5.853751875937969,NaN,0.010466346757680552
NaN,5.8587293646823415,NaN,0.010426997238448038
NaN,5.863706853426713,NaN,0.010387810003835901
NaN,5.868684342171085,NaN,0.010348784327611616
NaN,5.873661830915458,NaN,0.01030991948702718
NaN,5.87863931965983,NaN,0.010271214762801397
NaN,5.883616808404202,NaN,0.010232669439102351
NaN,5.8885942971485745,NaN,0.010194282803529927
NaN,5.893571785892947,NaN,0.010156054147098364
NaN,5.898549274637318,NaN,0.010117982764218991
NaN,5.903526763381691,NaN,0.010080067952683017
NaN,5.908504252126063,NaN,0.010042309013644403
NaN,5.913481740870435,NaN,0.010004705251602863
NaN,5.9184592296148075,NaN,0.009967255974386854
NaN,5.92343671835918,NaN,0.00992996049313679
NaN,5.928414207103552,NaN,0.009892818122288274
NaN,5.933391695847924,NaN,0.009855828179555383
NaN,5.938369184592296,NaN,0.009818989985914087
NaN,5.943346673336668,NaN,0.009782302865585816
NaN,5.9483241620810405,NaN,0.009745766146020964
NaN,5.953301650825413,NaN,0.009709379157882612
NaN,5.958279139569785,NaN,0.009673141235030252
NaN,5.9632566283141575,NaN,0.009637051714503651
NaN,5.968234117058529,NaN,0.009601109936506815
NaN,5.973211605802901,NaN,0.009565315244391921
NaN,5.9781890945472735,NaN,0.009529666984643477
NaN,5.983166583291646,NaN,0.009494164506862472
NaN,5.988144072036018,NaN,0.009458807163750686
NaN,5.9931215607803905,NaN,0.009423594311094958
NaN,5.998099049524763,NaN,0.009388525307751694
NaN,6.003076538269134,NaN,0.00935359951563133
NaN,6.0080540270135065,NaN,0.009318816299682927
NaN,6.013031515757879,NaN,0.009284175027878863
NaN,6.018009004502251,NaN,0.00924967507119958
NaN,6.0229864932466235,NaN,0.009215315803618389
NaN,6.027963981990996,NaN,0.009181096602086434
NaN,6.032941470735367,NaN,0.009147016846517652
NaN,6.0379189594797396,NaN,0.009113075919773827
NaN,6.042896448224112,NaN,0.009079273207649766
NaN,6.047873936968484,NaN,0.009045608098858529
NaN,6.0528514257128565,NaN,0.009012079985016722
NaN,6.057828914457229,NaN,0.008978688260629865
NaN,6.062806403201601,NaN,0.00894543232307788
NaN,6.067783891945973,NaN,0.008912311572600605
NaN,6.072761380690345,NaN,0.008879325412283395
NaN,6.077738869434717,NaN,0.008846473248042832
NaN,6.0827163581790895,NaN,0.008813754488612477
NaN,6.087693846923462,NaN,0.008781168545528706
NaN,6.092671335667834,NaN,0.008748714833116605
NaN,6.0976488244122065,NaN,0.008716392768475967
NaN,6.102626313156578,NaN,0.008684201771467358
NaN,6.10760380190095,NaN,0.008652141264698215
NaN,6.1125812906453225,NaN,0.008620210673509087
NaN,6.117558779389695,NaN,0.008588409425959892
NaN,6.122536268134067,NaN,0.008556736952816262
NaN,6.1275137568784395,NaN,0.008525192687535956
NaN,6.132491245622812,NaN,0.00849377606625536
NaN,6.137468734367183,NaN,0.008462486527776059
NaN,6.1424462231115555,NaN,0.008431323513551433
NaN,6.147423711855928,NaN,0.008400286467673383
NaN,6.1524012006003,NaN,0.008369374836859109
NaN,6.1573786893446725,NaN,0.008338588070437929
NaN,6.162356178089045,NaN,0.008307925620338203
NaN,6.167333666833417,NaN,0.008277386941074282
NaN,6.1723111555777885,NaN,0.008246971489733608
NaN,6.177288644322161,NaN,0.008216678725963763
NaN,6.182266133066533,NaN,0.00818650811195969
NaN,6.1872436218109055,NaN,0.008156459112450944
NaN,6.192221110555278,NaN,0.008126531194688974
NaN,6.19719859929965,NaN,0.008096723828434542
NaN,6.202176088044022,NaN,0.008067036485945133
NaN,6.207153576788394,NaN,0.008037468641962498
NaN,6.212131065532766,NaN,0.008008019773700222
NaN,6.2171085542771385,NaN,0.007978689360831348
NaN,6.222086043021511,NaN,0.00794947688547612
NaN,6.227063531765883,NaN,0.007920381832189707
NaN,6.232041020510255,NaN,0.007891403687950101
NaN,6.237018509254628,NaN,0.007862541942145964
NaN,6.241995997998999,NaN,0.007833796086564612
NaN,6.2469734867433715,NaN,0.00780516561538003
NaN,6.251950975487744,NaN,0.007776650025140961
NaN,6.256928464232116,NaN,0.00774824881475909
NaN,6.261905952976488,NaN,0.007719961485497196
NaN,6.266883441720861,NaN,0.0076917875409574735
NaN,6.271860930465232,NaN,0.007663726487069862
NaN,6.2768384192096045,NaN,0.007635777832080388
NaN,6.281815907953977,NaN,0.007607941086539712
NaN,6.286793396698349,NaN,0.007580215763291575
NaN,6.2917708854427215,NaN,0.007552601377461407
NaN,6.296748374187094,NaN,0.007525097446444927
NaN,6.301725862931466,NaN,0.007497703489896905
NaN,6.3067033516758375,NaN,0.007470419029719851
NaN,6.31168084042021,NaN,0.007443243590052845
NaN,6.316658329164582,NaN,0.007416176697260454
NaN,6.3216358179089545,NaN,0.00738921787992158
NaN,6.326613306653327,NaN,0.007362366668818536
NaN,6.331590795397699,NaN,0.007335622596926
NaN,6.336568284142071,NaN,0.0073089851994002026
NaN,6.341545772886443,NaN,0.007282454013568038
NaN,6.346523261630815,NaN,0.007256028578916261
NaN,6.3515007503751875,NaN,0.00722970843708082
NaN,6.35647823911956,NaN,0.0072034931318361245
NaN,6.361455727863932,NaN,0.007177382209084478
NaN,6.366433216608304,NaN,0.007151375216845456
NaN,6.371410705352677,NaN,0.0071254717052454735
NaN,6.376388194097048,NaN,0.007099671226507258
NaN,6.3813656828414205,NaN,0.007073973334939507
NaN,6.386343171585793,NaN,0.007048377586926524
NaN,6.391320660330165,NaN,0.00702288354091792
NaN,6.396298149074537,NaN,0.006997490757418395
NaN,6.40127563781891,NaN,0.006972198798977535
NaN,6.406253126563282,NaN,0.006947007230179716
NaN,6.4112306153076535,NaN,0.006921915617633984
NaN,6.416208104052026,NaN,0.006896923529964052
NaN,6.421185592796398,NaN,0.006872030537798336
NaN,6.42616308154077,NaN,0.006847236213760024
NaN,6.431140570285143,NaN,0.006822540132457196
NaN,6.436118059029515,NaN,0.00679794187047303
NaN,6.441095547773887,NaN,0.006773441006356011
NaN,6.446073036518259,NaN,0.006749037120610233
NaN,6.451050525262631,NaN,0.006724729795685718
NaN,6.456028014007003,NaN,0.006700518615968813
NaN,6.461005502751376,NaN,0.006676403167772625
NaN,6.465982991495748,NaN,0.006652383039327495
NaN,6.47096048024012,NaN,0.006628457820771536
NaN,6.475937968984492,NaN,0.00660462710414122
NaN,6.480915457728864,NaN,0.006580890483361995
NaN,6.485892946473236,NaN,0.006557247554238989
NaN,6.490870435217609,NaN,0.0065336979144477204
NaN,6.495847923961981,NaN,0.00651024116352488
NaN,6.500825412706353,NaN,0.006486876902859146
NaN,6.505802901450726,NaN,0.006463604735682083
NaN,6.510780390195097,NaN,0.006440424267059033
NaN,6.5157578789394694,NaN,0.006417335103880085
NaN,6.520735367683842,NaN,0.0063943368548511036
NaN,6.525712856428214,NaN,0.0063714291304847815
NaN,6.530690345172586,NaN,0.006348611543091735
NaN,6.535667833916959,NaN,0.006325883706771694
NaN,6.540645322661331,NaN,0.006303245237404626
NaN,6.5456228114057025,NaN,0.006280695752642067
NaN,6.550600300150075,NaN,0.006258234871898344
NaN,6.555577788894447,NaN,0.006235862216341937
NaN,6.560555277638819,NaN,0.00621357740888687
NaN,6.565532766383192,NaN,0.006191380074184102
NaN,6.570510255127564,NaN,0.006169269838613031
NaN,6.575487743871936,NaN,0.006147246330272966
NaN,6.580465232616308,NaN,0.006125309178974714
NaN,6.58544272136068,NaN,0.006103458016232166
NaN,6.590420210105052,NaN,0.006081692475253951
NaN,6.595397698849425,NaN,0.0060600121909351115
NaN,6.600375187593797,NaN,0.006038416799848826
NaN,6.605352676338169,NaN,0.0060169059402382105
NaN,6.610330165082542,NaN,0.005995479252008095
NaN,6.615307653826913,NaN,0.00597413637671691
NaN,6.620285142571285,NaN,0.005952876957568568
NaN,6.625262631315658,NaN,0.005931700639404406
NaN,6.63024012006003,NaN,0.005910607068695176
NaN,6.635217608804402,NaN,0.005889595893533065
NaN,6.640195097548775,NaN,0.005868666763623759
NaN,6.645172586293147,NaN,0.005847819330278546
NaN,6.650150075037518,NaN,0.005827053246406463
NaN,6.655127563781891,NaN,0.005806368166506488
NaN,6.660105052526263,NaN,0.005785763746659758
NaN,6.665082541270635,NaN,0.005765239644521843
NaN,6.670060030015008,NaN,0.005744795519315063
NaN,6.67503751875938,NaN,0.0057244310318208015
NaN,6.680015007503751,NaN,0.005704145844371937
NaN,6.684992496248124,NaN,0.0056839396208452275
NaN,6.689969984992496,NaN,0.005663812026653802
NaN,6.694947473736868,NaN,0.005643762728739654
NaN,6.699924962481241,NaN,0.005623791395566176
NaN,6.704902451225613,NaN,0.005603897697110753
NaN,6.709879939969985,NaN,0.0055840813048573645
NaN,6.714857428714357,NaN,0.0055643418917892765
NaN,6.719834917458729,NaN,0.005544679132381684
NaN,6.724812406203101,NaN,0.0055250927025944745
NaN,6.729789894947474,NaN,0.005505582279864996
NaN,6.734767383691846,NaN,0.005486147543100866
NaN,6.739744872436218,NaN,0.005466788172672784
NaN,6.744722361180591,NaN,0.00544750385040746
NaN,6.749699849924962,NaN,0.005428294259580502
NaN,6.754677338669334,NaN,0.005409159084909346
NaN,6.759654827413707,NaN,0.005390098012546309
NaN,6.764632316158079,NaN,0.005371110730071552
NaN,6.769609804902451,NaN,0.005352196926486168
NaN,6.774587293646824,NaN,0.005333356292205291
NaN,6.779564782391196,NaN,0.0053145885190511956
NaN,6.784542271135567,NaN,0.005295893300246503
NaN,6.78951975987994,NaN,0.005277270330407329
NaN,6.794497248624312,NaN,0.005258719305536587
NaN,6.799474737368684,NaN,0.005240239923017213
NaN,6.804452226113057,NaN,0.005221831881605484
NaN,6.809429714857429,NaN,0.005203494881424363
NaN,6.814407203601801,NaN,0.005185228623956873
NaN,6.819384692346173,NaN,0.005167032812039502
NaN,6.824362181090545,NaN,0.005148907149855643
NaN,6.829339669834917,NaN,0.005130851342929072
NaN,6.83431715857929,NaN,0.005112865098117469
NaN,6.839294647323662,NaN,0.005094948123605952
NaN,6.844272136068034,NaN,0.005077100128900641
NaN,6.849249624812407,NaN,0.005059320824822276
NaN,6.854227113556778,NaN,0.005041609923499871
NaN,6.85920460230115,NaN,0.0050239671383643615
NaN,6.864182091045523,NaN,0.005006392184142329
NaN,6.869159579789895,NaN,0.0049888847768497484
NaN,6.874137068534267,NaN,0.0049714446337857255
NaN,6.87911455727864,NaN,0.004954071473526329
NaN,6.884092046023012,NaN,0.004936765015918404
NaN,6.889069534767383,NaN,0.004919524982073464
NaN,6.894047023511756,NaN,0.00490235109436155
NaN,6.899024512256128,NaN,0.00488524307640518
NaN,6.9040020010005,NaN,0.004868200653073324
NaN,6.908979489744873,NaN,0.004851223550475356
NaN,6.913956978489245,NaN,0.004834311495955109
NaN,6.918934467233616,NaN,0.004817464218084885
NaN,6.923911955977989,NaN,0.004800681446659585
NaN,6.928889444722361,NaN,0.004783962912690787
NaN,6.933866933466733,NaN,0.0047673083484008946
NaN,6.938844422211106,NaN,0.00475071748721731
NaN,6.943821910955478,NaN,0.004734190063766632
NaN,6.94879939969985,NaN,0.0047177258138689
NaN,6.953776888444222,NaN,0.004701324474531825
NaN,6.958754377188594,NaN,0.004684985783945101
NaN,6.963731865932966,NaN,0.004668709481474721
NaN,6.968709354677339,NaN,0.004652495307657319
NaN,6.973686843421711,NaN,0.004636343004194542
NaN,6.978664332166083,NaN,0.004620252313947469
NaN,6.983641820910456,NaN,0.004604222980931018
NaN,6.988619309654827,NaN,0.004588254750308433
NaN,6.993596798399199,NaN,0.004572347368385765
NaN,6.998574287143572,NaN,0.0045565005826063674
NaN,7.003551775887944,NaN,0.004540714141545489
NaN,7.008529264632316,NaN,0.004524987794904788
NaN,7.013506753376689,NaN,0.004509321293506986
NaN,7.018484242121061,NaN,0.004493714389290453
NaN,7.023461730865432,NaN,0.004478166835303898
NaN,7.028439219609805,NaN,0.0044626783857010174
NaN,7.033416708354177,NaN,0.004447248795735223
NaN,7.038394197098549,NaN,0.004431877821754393
NaN,7.043371685842922,NaN,0.004416565221195588
NaN,7.048349174587294,NaN,0.0044013107525798885
NaN,7.053326663331666,NaN,0.004386114175507186
NaN,7.058304152076038,NaN,0.004370975250651032
NaN,7.06328164082041,NaN,0.004355893739753493
NaN,7.068259129564782,NaN,0.004340869405620065
NaN,7.073236618309155,NaN,0.004325902012114583
NaN,7.078214107053527,NaN,0.004310991324154152
NaN,7.083191595797899,NaN,0.004296137107704151
NaN,7.088169084542272,NaN,0.0042813391297731995
NaN,7.093146573286643,NaN,0.004266597158408196
NaN,7.098124062031015,NaN,0.00425191096268935
NaN,7.103101550775388,NaN,0.004237280312725274
NaN,7.10807903951976,NaN,0.004222704979648068
NaN,7.113056528264132,NaN,0.00420818473560844
NaN,7.118034017008505,NaN,0.004193719353770851
NaN,7.123011505752876,NaN,0.004179308608308708
NaN,7.127988994497248,NaN,0.00416495227439952
NaN,7.132966483241621,NaN,0.004150650128220152
NaN,7.137943971985993,NaN,0.004136401946942047
NaN,7.142921460730365,NaN,0.004122207508726518
NaN,7.147898949474738,NaN,0.004108066592720007
NaN,7.15287643821911,NaN,0.004093978979049427
NaN,7.157853926963481,NaN,0.004079944448817489
NaN,7.162831415707854,NaN,0.004065962784098066
NaN,7.167808904452226,NaN,0.004052033767931574
NaN,7.172786393196598,NaN,0.004038157184320396
NaN,7.177763881940971,NaN,0.004024332818224297
NaN,7.182741370685343,NaN,0.004010560455555893
NaN,7.187718859429715,NaN,0.00399683988317612
NaN,7.192696348174087,NaN,0.003983170888889734
NaN,7.197673836918459,NaN,0.003969553261440843
NaN,7.202651325662831,NaN,0.003955986790508445
NaN,7.207628814407204,NaN,0.0039424712667019985
NaN,7.212606303151576,NaN,0.003929006481557023
NaN,7.217583791895948,NaN,0.00391559222753069
NaN,7.2225612806403205,NaN,0.00390222829799748
NaN,7.227538769384692,NaN,0.003888914487244827
NaN,7.232516258129064,NaN,0.0038756505904687954
NaN,7.237493746873437,NaN,0.003862436403769797
NaN,7.242471235617809,NaN,0.003849271724148291
NaN,7.247448724362181,NaN,0.0038361563495005408
NaN,7.2524262131065536,NaN,0.003823090078614383
NaN,7.257403701850926,NaN,0.003810072711164994
NaN,7.262381190595297,NaN,0.003797104047710719
NaN,7.26735867933967,NaN,0.0037841838896888764
NaN,7.272336168084042,NaN,0.0037713120394116486
NaN,7.277313656828414,NaN,0.0037584883000618932
NaN,7.282291145572787,NaN,0.003745712475689084
NaN,7.287268634317159,NaN,0.0037329843712051985
NaN,7.292246123061531,NaN,0.0037203037923806566
NaN,7.297223611805903,NaN,0.0037076705458402677
NaN,7.302201100550275,NaN,0.0036950844390592065
NaN,7.307178589294647,NaN,0.0036825452803590027
NaN,7.31215607803902,NaN,0.00367005287890356
NaN,7.317133566783392,NaN,0.0036576070446951835
NaN,7.322111055527764,NaN,0.0036452075885706273
NaN,7.327088544272136,NaN,0.0036328543221971843
NaN,7.332066033016508,NaN,0.00362054705806875
NaN,7.33704352176088,NaN,0.0036082856095019677
NaN,7.342021010505253,NaN,0.0035960697906323217
NaN,7.346998499249625,NaN,0.0035838994164103266
NaN,7.351975987993997,NaN,0.003571774302597658
NaN,7.3569534767383695,NaN,0.003559694265763377
NaN,7.361930965482741,NaN,0.003547659123280111
NaN,7.366908454227113,NaN,0.003535668693320285
NaN,7.371885942971486,NaN,0.003523722794852384
NaN,7.376863431715858,NaN,0.003511821247637191
NaN,7.38184092046023,NaN,0.003499963872224097
NaN,7.3868184092046025,NaN,0.003488150489947371
NaN,7.391795897948975,NaN,0.0034763809229225095
NaN,7.396773386693346,NaN,0.003464654994042554
NaN,7.401750875437719,NaN,0.0034529725269744544
NaN,7.406728364182091,NaN,0.0034413333461554476
NaN,7.411705852926463,NaN,0.0034297372767894403
NaN,7.4166833416708355,NaN,0.0034181841448434245
NaN,7.421660830415208,NaN,0.0034066737770439177
NaN,7.42663831915958,NaN,0.0033952060008733704
NaN,7.431615807903952,NaN,0.0033837806445666764
NaN,7.436593296648324,NaN,0.0033723975371076215
NaN,7.441570785392696,NaN,0.0033610565082254126
NaN,7.4465482741370685,NaN,0.0033497573883911396
NaN,7.451525762881441,NaN,0.0033385000088143792
NaN,7.456503251625813,NaN,0.0033272842014396976
NaN,7.4614807403701855,NaN,0.0033161097989432196
NaN,7.466458229114557,NaN,0.0033049766347292365
NaN,7.471435717858929,NaN,0.00329388454292679
NaN,7.4764132066033016,NaN,0.003282833358386303
NaN,7.481390695347674,NaN,0.0032718229166762034
NaN,7.486368184092046,NaN,0.0032608530540795795
NaN,7.4913456728364185,NaN,0.003249923607590847
NaN,7.496323161580791,NaN,0.0032390344149124547
NaN,7.501300650325162,NaN,0.003228185314451543
NaN,7.506278139069535,NaN,0.0032173761453167075
NaN,7.511255627813907,NaN,0.0032066067473146957
NaN,7.516233116558279,NaN,0.003195876960947194
NaN,7.5212106053026515,NaN,0.003185186627407558
NaN,7.526188094047024,NaN,0.0031745355885776207
NaN,7.531165582791396,NaN,0.003163923687024472
NaN,7.536143071535768,NaN,0.0031533507659972974
NaN,7.54112056028014,NaN,0.0031428166694241776
NaN,7.546098049024512,NaN,0.003132321241908954
NaN,7.5510755377688845,NaN,0.003121864328728084
NaN,7.556053026513257,NaN,0.0031114457758275285
NaN,7.561030515257629,NaN,0.0031010654298196244
NaN,7.566008004002001,NaN,0.0030907231379799947
NaN,7.570985492746373,NaN,0.0030804187482445003
NaN,7.575962981490745,NaN,0.003070152109206136
NaN,7.5809404702351175,NaN,0.0030599230701120078
NaN,7.58591795897949,NaN,0.0030497314808603064
NaN,7.590895447723862,NaN,0.0030395771919972695
NaN,7.5958729364682345,NaN,0.0030294600547141897
NaN,7.600850425212606,NaN,0.0030193799208444406
NaN,7.605827913956978,NaN,0.00300933664286047
NaN,7.6108054027013505,NaN,0.0029993300738708874
NaN,7.615782891445723,NaN,0.0029893600676174875
NaN,7.620760380190095,NaN,0.0029794264784723176
NaN,7.6257378689344675,NaN,0.0029695291614347946
NaN,7.63071535767884,NaN,0.002959667972128772
NaN,7.635692846423211,NaN,0.0029498427667996835
NaN,7.6406703351675835,NaN,0.0029400534023116356
NaN,7.645647823911956,NaN,0.002930299736144588
NaN,7.650625312656328,NaN,0.0029205816263914875
NaN,7.6556028014007005,NaN,0.002910898931755436
NaN,7.660580290145073,NaN,0.0029012515115468904
NaN,7.665557778889445,NaN,0.0028916392256808495
NaN,7.6705352676338165,NaN,0.002882061934674072
NaN,7.675512756378189,NaN,0.0028725194996422915
NaN,7.680490245122561,NaN,0.002863011782297473
NaN,7.6854677338669335,NaN,0.002853538644945051
NaN,7.690445222611306,NaN,0.0028440999504812012
NaN,7.695422711355678,NaN,0.0028346955623901188
NaN,7.70040020010005,NaN,0.002825325344741312
NaN,7.705377688844422,NaN,0.0028159891621869202
NaN,7.710355177588794,NaN,0.0028066868799590016
NaN,7.7153326663331665,NaN,0.0027974183638668957
NaN,7.720310155077539,NaN,0.0027881834802945715
NaN,7.725287643821911,NaN,0.0027789820961979608
NaN,7.7302651325662834,NaN,0.002769814079102342
NaN,7.735242621310656,NaN,0.0027606792970997275
NaN,7.740220110055027,NaN,0.0027515776188462705
NaN,7.7451975987993995,NaN,0.0027425089135596488
NaN,7.750175087543772,NaN,0.0027334730510165097
NaN,7.755152576288144,NaN,0.0027244699015498957
NaN,7.7601300650325165,NaN,0.0027154993360466962
NaN,7.765107553776889,NaN,0.0027065612259451
NaN,7.77008504252126,NaN,0.002697655443232086
NaN,7.7750625312656325,NaN,0.0026887818604408877
NaN,7.780040020010005,NaN,0.002679940350648497
NaN,7.785017508754377,NaN,0.002671130787473173
NaN,7.7899949974987495,NaN,0.0026623530450719814
NaN,7.794972486243122,NaN,0.0026536069981383027
NaN,7.799949974987494,NaN,0.002644892521899382
NaN,7.8049274637318655,NaN,0.0026362094921139117
NaN,7.809904952476238,NaN,0.002627557785069555
NaN,7.81488244122061,NaN,0.00261893727758058
NaN,7.8198599299649825,NaN,0.002610347846985415
NaN,7.824837418709355,NaN,0.0026017893711442652
NaN,7.829814907453727,NaN,0.0025932617284367392
NaN,7.834792396198099,NaN,0.002584764797759465
NaN,7.839769884942471,NaN,0.0025762984585237206
NaN,7.844747373686843,NaN,0.0025678625906531164
NaN,7.8497248624312155,NaN,0.0025594570745812186
NaN,7.854702351175588,NaN,0.0025510817912492685
NaN,7.85967983991996,NaN,0.0025427366221038214
NaN,7.864657328664332,NaN,0.0025344214490944763
NaN,7.869634817408705,NaN,0.0025261361546715646
NaN,7.874612306153076,NaN,0.0025178806217838814
NaN,7.8795897948974485,NaN,0.002509654733876409
NaN,7.884567283641821,NaN,0.002501458374888058
NaN,7.889544772386193,NaN,0.0024932914292494263
NaN,7.894522261130565,NaN,0.002485153781880543
NaN,7.899499749874938,NaN,0.002477045318188672
NaN,7.90447723861931,NaN,0.002468965924066064
NaN,7.9094547273636815,NaN,0.0024609154858877855
NaN,7.914432216108054,NaN,0.0024528938905094876
NaN,7.919409704852426,NaN,0.002444901025265251
NaN,7.924387193596798,NaN,0.0024369367779654037
NaN,7.929364682341171,NaN,0.002429001036894353
NaN,7.934342171085543,NaN,0.0024210936908084543
NaN,7.939319659829915,NaN,0.0024132146289338307
NaN,7.944297148574287,NaN,0.0024053637409642884
NaN,7.949274637318659,NaN,0.0023975409170591618
NaN,7.9542521260630314,NaN,0.0023897460478412118
NaN,7.959229614807404,NaN,0.0023819790243945287
NaN,7.964207103551776,NaN,0.002374239738262453
NaN,7.969184592296148,NaN,0.0023665280814454633
NaN,7.97416208104052,NaN,0.002358843946399149
NaN,7.979139569784892,NaN,0.0023511872260321056
NaN,7.9841170585292645,NaN,0.0023435578137039155
NaN,7.989094547273637,NaN,0.0023359556032231036
NaN,7.994072036018009,NaN,0.0023283804888450995
NaN,7.999049524762381,NaN,0.00232083236527021
NaN,8.004027013506754,NaN,0.0023133111276416266
NaN,8.009004502251125,NaN,0.0023058166715434173
NaN,8.013981990995498,NaN,0.0022983488929985206
NaN,8.01895947973987,NaN,0.0022909076884667892
NaN,8.023936968484243,NaN,0.0022834929548429975
NaN,8.028914457228614,NaN,0.0022761045894548852
NaN,8.033891945972986,NaN,0.0022687424900612037
NaN,8.038869434717359,NaN,0.002261406554849775
NaN,8.04384692346173,NaN,0.002254096682435552
NaN,8.048824412206104,NaN,0.002246812771858698
NaN,8.053801900950475,NaN,0.0022395547225826616
NaN,8.058779389694848,NaN,0.002232322434492281
NaN,8.06375687843922,NaN,0.002225115807891885
NaN,8.068734367183591,NaN,0.002217934743503399
NaN,8.073711855927964,NaN,0.002210779142464447
NaN,8.078689344672336,NaN,0.002203648906326535
NaN,8.083666833416709,NaN,0.002196543937053127
NaN,8.08864432216108,NaN,0.002189464137017841
NaN,8.093621810905452,NaN,0.002182409409002571
NaN,8.098599299649825,NaN,0.002175379656195665
NaN,8.103576788394196,NaN,0.002168374782190117
NaN,8.10855427713857,NaN,0.0021613946909817077
NaN,8.113531765882941,NaN,0.002154439286967244
NaN,8.118509254627314,NaN,0.002147508474942715
NaN,8.123486743371686,NaN,0.002140602160101542
NaN,8.128464232116057,NaN,0.0021337202480327566
NaN,8.13344172086043,NaN,0.0021268626447192487
NaN,8.138419209604802,NaN,0.0021200292565360067
NaN,8.143396698349175,NaN,0.002113219990248334
NaN,8.148374187093546,NaN,0.0021064347530101333
NaN,8.15335167583792,NaN,0.0020996734523621315
NaN,8.158329164582291,NaN,0.0020929359962301836
NaN,8.163306653326662,NaN,0.0020862222929235092
NaN,8.168284142071036,NaN,0.0020795322511330105
NaN,8.173261630815407,NaN,0.002072865779929549
NaN,8.17823911955978,NaN,0.0020662227887622443
NaN,8.183216608304152,NaN,0.0020596031874567933
NaN,8.188194097048525,NaN,0.0020530068862137795
NaN,8.193171585792896,NaN,0.0020464337956069964
NaN,8.198149074537268,NaN,0.0020398838265817867
NaN,8.203126563281641,NaN,0.002033356890453367
NaN,8.208104052026012,NaN,0.0020268528989052055
NaN,8.213081540770386,NaN,0.0020203717639873486
NaN,8.218059029514757,NaN,0.0020139133981148132
NaN,8.22303651825913,NaN,0.002007477714065924
NaN,8.228014007003502,NaN,0.0020010646249807337
NaN,8.232991495747873,NaN,0.0019946740443593743
NaN,8.237968984492246,NaN,0.0019883058860604742
NaN,8.242946473236618,NaN,0.001981960064299554
NaN,8.247923961980991,NaN,0.0019756364936474417
NaN,8.252901450725362,NaN,0.0019693350890286876
NaN,8.257878939469736,NaN,0.0019630557657199788
NaN,8.262856428214107,NaN,0.0019567984393485936
NaN,8.267833916958478,NaN,0.0019505630258908277
NaN,8.272811405702852,NaN,0.001944349441670444
NaN,8.277788894447223,NaN,0.0019381576033571323
NaN,8.282766383191596,NaN,0.0019319874279649658
NaN,8.287743871935968,NaN,0.0019258388328508803
NaN,8.292721360680341,NaN,0.0019197117357131316
NaN,8.297698849424712,NaN,0.001913606054589814
NaN,8.302676338169084,NaN,0.0019075217078573087
NaN,8.307653826913457,NaN,0.0019014586142288225
NaN,8.312631315657828,NaN,0.0018954166927528694
NaN,8.317608804402202,NaN,0.0018893958628117852
NaN,8.322586293146573,NaN,0.0018833960441202657
NaN,8.327563781890946,NaN,0.0018774171567238613
NaN,8.332541270635318,NaN,0.0018714591209975508
NaN,8.33751875937969,NaN,0.0018655218576442475
NaN,8.342496248124062,NaN,0.0018596052876933599
NaN,8.347473736868434,NaN,0.0018537093324993584
NaN,8.352451225612807,NaN,0.0018478339137403172
NaN,8.357428714357178,NaN,0.00184197895341649
NaN,8.362406203101552,NaN,0.0018361443738488857
NaN,8.367383691845923,NaN,0.0018303300976778606
NaN,8.372361180590294,NaN,0.0018245360478616848
NaN,8.377338669334668,NaN,0.0018187621476751495
NaN,8.382316158079039,NaN,0.0018130083207081754
NaN,8.387293646823412,NaN,0.001807274490864405
NaN,8.392271135567784,NaN,0.0018015605823598361
NaN,8.397248624312157,NaN,0.001795866519721424
NaN,8.402226113056528,NaN,0.0017901922277857231
NaN,8.4072036018009,NaN,0.0017845376316975188
NaN,8.412181090545273,NaN,0.0017789026569084555
NaN,8.417158579289644,NaN,0.0017732872291757178
NaN,8.422136068034018,NaN,0.0017676912745606306
NaN,8.427113556778389,NaN,0.0017621147194273737
NaN,8.432091045522762,NaN,0.0017565574904416109
NaN,8.437068534267134,NaN,0.0017510195145691812
NaN,8.442046023011505,NaN,0.0017455007190747688
NaN,8.447023511755878,NaN,0.0017400010315205866
NaN,8.45200100050025,NaN,0.0017345203797650827
NaN,8.456978489244623,NaN,0.0017290586919616123
NaN,8.461955977988994,NaN,0.0017236158965571696
NaN,8.466933466733368,NaN,0.0017181919222910692
NaN,8.471910955477739,NaN,0.0017127866981936895
NaN,8.47688844422211,NaN,0.001707400153585163
NaN,8.481865932966484,NaN,0.0017020322180741365
NaN,8.486843421710855,NaN,0.0016966828215564857
NaN,8.491820910455228,NaN,0.0016913518942140453
NaN,8.4967983991996,NaN,0.0016860393665133829
NaN,8.501775887943971,NaN,0.0016807451692045314
NaN,8.506753376688344,NaN,0.001675469233319737
NaN,8.511730865432716,NaN,0.0016702114901722552
NaN,8.516708354177089,NaN,0.0016649718713550794
NaN,8.52168584292146,NaN,0.0016597503087397419
NaN,8.526663331665834,NaN,0.0016545467344750877
NaN,8.531640820410205,NaN,0.0016493610809860644
NaN,8.536618309154576,NaN,0.0016441932809724954
NaN,8.54159579789895,NaN,0.001639043267407901
NaN,8.546573286643321,NaN,0.001633910973538293
NaN,8.551550775387694,NaN,0.0016287963328809676
NaN,8.556528264132066,NaN,0.0016236992792233544
NaN,8.561505752876439,NaN,0.0016186197466217917
NaN,8.56648324162081,NaN,0.0016135576694003902
NaN,8.571460730365182,NaN,0.0016085129821498396
NaN,8.576438219109555,NaN,0.0016034856197262577
NaN,8.581415707853926,NaN,0.0015984755172500239
NaN,8.5863931965983,NaN,0.001593482610104632
NaN,8.591370685342671,NaN,0.0015885068339355395
NaN,8.596348174087044,NaN,0.001583548124649019
NaN,8.601325662831416,NaN,0.0015786064184110324
NaN,8.606303151575787,NaN,0.0015736816516461
NaN,8.61128064032016,NaN,0.0015687737610361548
NaN,8.616258129064532,NaN,0.0015638826835194476
NaN,8.621235617808905,NaN,0.001559008356289408
NaN,8.626213106553276,NaN,0.001554150716793549
NaN,8.63119059529765,NaN,0.001549309702732352
NaN,8.636168084042021,NaN,0.001544485252058177
NaN,8.641145572786392,NaN,0.0015396773029741496
NaN,8.646123061530766,NaN,0.0015348857939330909
NaN,8.651100550275137,NaN,0.0015301106636364142
NaN,8.65607803901951,NaN,0.0015253518510330588
NaN,8.661055527763882,NaN,0.0015206092953184102
NaN,8.666033016508255,NaN,0.0015158829359332231
NaN,8.671010505252626,NaN,0.001511172712562565
NaN,8.675987993996998,NaN,0.0015064785651347542
NaN,8.680965482741371,NaN,0.0015018004338202978
NaN,8.685942971485742,NaN,0.0014971382590308526
NaN,8.690920460230116,NaN,0.0014924919814181667
NaN,8.695897948974487,NaN,0.001487861541873049
NaN,8.70087543771886,NaN,0.0014832468815243278
NaN,8.705852926463232,NaN,0.0014786479417378238
NaN,8.710830415207603,NaN,0.0014740646641153198
NaN,8.715807903951976,NaN,0.0014694969904935358
NaN,8.720785392696348,NaN,0.001464944862943123
NaN,8.72576288144072,NaN,0.0014604082237676416
NaN,8.730740370185092,NaN,0.0014558870155025612
NaN,8.735717858929466,NaN,0.0014513811809142429
NaN,8.740695347673837,NaN,0.0014468906629989675
NaN,8.745672836418208,NaN,0.0014424154049819129
NaN,8.750650325162582,NaN,0.0014379553503161844
NaN,8.755627813906953,NaN,0.0014335104426818257
NaN,8.760605302651326,NaN,0.0014290806259848266
NaN,8.765582791395698,NaN,0.001424665844356172
NaN,8.77056028014007,NaN,0.0014202660421508532
NaN,8.775537768884442,NaN,0.0014158811639469033
NaN,8.780515257628814,NaN,0.0014115111545444372
NaN,8.785492746373187,NaN,0.001407155958964697
NaN,8.790470235117558,NaN,0.0014028155224490955
NaN,8.795447723861932,NaN,0.0013984897904582656
NaN,8.800425212606303,NaN,0.0013941787086711275
NaN,8.805402701350676,NaN,0.001389882222983927
NaN,8.810380190095048,NaN,0.0013856002795093242
NaN,8.815357678839419,NaN,0.001381332824575448
NaN,8.820335167583792,NaN,0.0013770798047249664
NaN,8.825312656328164,NaN,0.0013728411667141723
NaN,8.830290145072537,NaN,0.001368616857512066
NaN,8.835267633816908,NaN,0.0013644068242994294
NaN,8.840245122561281,NaN,0.0013602110144679273
NaN,8.845222611305653,NaN,0.0013560293756191958
NaN,8.850200100050024,NaN,0.001351861855563942
NaN,8.855177588794398,NaN,0.0013477084023210454
NaN,8.860155077538769,NaN,0.0013435689641166661
NaN,8.865132566283142,NaN,0.001339443489383356
NaN,8.870110055027514,NaN,0.0013353319267591691
NaN,8.875087543771887,NaN,0.001331234225086781
NaN,8.880065032516258,NaN,0.0013271503334126202
NaN,8.88504252126063,NaN,0.0013230802009859828
NaN,8.890020010005003,NaN,0.00131902377725817
NaN,8.894997498749374,NaN,0.0013149810118816229
NaN,8.899974987493747,NaN,0.0013109518547090545
NaN,8.904952476238119,NaN,0.0013069362557926096
NaN,8.909929964982492,NaN,0.0013029341653829876
NaN,8.914907453726864,NaN,0.0012989455339286087
NaN,8.919884942471235,NaN,0.0012949703120747667
NaN,8.924862431215608,NaN,0.0012910084506627829
NaN,8.92983991995998,NaN,0.0012870599007291702
NaN,8.934817408704353,NaN,0.0012831246135047974
NaN,8.939794897448724,NaN,0.0012792025404140695
NaN,8.944772386193096,NaN,0.001275293633074078
NaN,8.949749874937469,NaN,0.0012713978432938068
NaN,8.95472736368184,NaN,0.0012675151230732897
NaN,8.959704852426214,NaN,0.0012636454246028053
NaN,8.964682341170585,NaN,0.0012597887002620714
NaN,8.969659829914958,NaN,0.0012559449026194238
NaN,8.97463731865933,NaN,0.0012521139844310207
NaN,8.979614807403701,NaN,0.0012482958986400445
NaN,8.984592296148074,NaN,0.0012444905983758894
NaN,8.989569784892446,NaN,0.001240698036953397
NaN,8.994547273636819,NaN,0.0012369181678720388
NaN,8.99952476238119,NaN,0.00123315094481514
NaN,9.004502251125563,NaN,0.001229396321649102
NaN,9.009479739869935,NaN,0.0012256542524226204
NaN,9.014457228614306,NaN,0.0012219246913659104
NaN,9.01943471735868,NaN,0.0012182075928899232
NaN,9.024412206103051,NaN,0.0012145029115856075
NaN,9.029389694847424,NaN,0.0012108106022231048
NaN,9.034367183591796,NaN,0.001207130619751024
NaN,9.039344672336169,NaN,0.0012034629192956608
NaN,9.04432216108054,NaN,0.0011998074561602593
NaN,9.049299649824912,NaN,0.0011961641858242436
NaN,9.054277138569285,NaN,0.0011925330639424802
NaN,9.059254627313656,NaN,0.0011889140463445427
NaN,9.06423211605803,NaN,0.001185307089033951
NaN,9.069209604802401,NaN,0.00118171214818745
NaN,9.074187093546774,NaN,0.001178129180154269
NaN,9.079164582291146,NaN,0.001174558141455396
NaN,9.084142071035517,NaN,0.001170998988782836
NaN,9.08911955977989,NaN,0.0011674516789989063
NaN,9.094097048524262,NaN,0.0011639161691355034
NaN,9.099074537268635,NaN,0.0011603924163933904
NaN,9.104052026013006,NaN,0.0011568803781414779
NaN,9.10902951475738,NaN,0.0011533800119161175
NaN,9.11400700350175,NaN,0.001149891275420391
NaN,9.118984492246122,NaN,0.0011464141265234147
NaN,9.123961980990495,NaN,0.0011429485232596153
NaN,9.128939469734867,NaN,0.0011394944238280577
NaN,9.13391695847924,NaN,0.0011360517865917383
NaN,9.138894447223612,NaN,0.001132620570076888
NaN,9.143871935967985,NaN,0.001129200732972295
NaN,9.148849424712356,NaN,0.0011257922341286056
NaN,9.153826913456728,NaN,0.0011223950325576558
NaN,9.1588044022011,NaN,0.001119009087431775
NaN,9.163781890945472,NaN,0.00111563435808313
NaN,9.168759379689845,NaN,0.0011122708040030356
NaN,9.173736868434217,NaN,0.0011089183848412868
NaN,9.17871435717859,NaN,0.0011055770604054918
NaN,9.183691845922962,NaN,0.0011022467906604203
NaN,9.188669334667333,NaN,0.001098927535727318
NaN,9.193646823411706,NaN,0.0010956192558832661
NaN,9.198624312156078,NaN,0.0010923219115605244
NaN,9.20360180090045,NaN,0.0010890354633458703
NaN,9.208579289644822,NaN,0.0010857598719799571
NaN,9.213556778389195,NaN,0.0010824950983566665
NaN,9.218534267133567,NaN,0.0010792411035224544
NaN,9.223511755877938,NaN,0.0010759978486757265
NaN,9.228489244622311,NaN,0.00107276529516619
NaN,9.233466733366683,NaN,0.0010695434044942173
NaN,9.238444222111056,NaN,0.001066332138310221
NaN,9.243421710855428,NaN,0.0010631314584140191
NaN,9.2483991995998,NaN,0.0010599413267542083
NaN,9.253376688344172,NaN,0.001056761705427547
NaN,9.258354177088544,NaN,0.0010535925566783214
NaN,9.263331665832917,NaN,0.0010504338428977379
NaN,9.268309154577288,NaN,0.0010472855266233088
NaN,9.273286643321661,NaN,0.0010441475705382267
NaN,9.278264132066033,NaN,0.0010410199374707723
NaN,9.283241620810406,NaN,0.0010379025903936884
NaN,9.288219109554777,NaN,0.0010347954924235989
NaN,9.293196598299149,NaN,0.0010316986068203788
NaN,9.298174087043522,NaN,0.001028611896986577
NaN,9.303151575787894,NaN,0.001025535326466812
NaN,9.308129064532267,NaN,0.0010224688589471774
NaN,9.313106553276638,NaN,0.0010194124582546522
NaN,9.318084042021011,NaN,0.0010163660883565136
NaN,9.323061530765383,NaN,0.001013329713359748
NaN,9.328039019509754,NaN,0.0010103032975104695
NaN,9.333016508254127,NaN,0.0010072868051933393
NaN,9.337993996998499,NaN,0.0010042802009309923
NaN,9.342971485742872,NaN,0.001001283449383447
NaN,9.347948974487243,NaN,0.0009982965153475553
NaN,9.352926463231617,NaN,0.0009953193637564086
NaN,9.357903951975988,NaN,0.0009923519596787898
NaN,9.36288144072036,NaN,0.0009893942683185959
NaN,9.367858929464733,NaN,0.0009864462550142742
NaN,9.372836418209104,NaN,0.0009835078852382729
NaN,9.377813906953477,NaN,0.0009805791245964788
NaN,9.382791395697849,NaN,0.0009776599388276544
NaN,9.38776888444222,NaN,0.0009747502938028956
NaN,9.392746373186593,NaN,0.0009718501555250734
NaN,9.397723861930965,NaN,0.0009689594901282946
NaN,9.402701350675338,NaN,0.0009660782638773503
NaN,9.40767883941971,NaN,0.0009632064431671709
NaN,9.412656328164083,NaN,0.0009603439945222889
NaN,9.417633816908454,NaN,0.000957490884596308
NaN,9.422611305652826,NaN,0.0009546470801713548
NaN,9.427588794397199,NaN,0.0009518125481575477
NaN,9.43256628314157,NaN,0.0009489872555924746
NaN,9.437543771885943,NaN,0.0009461711696406534
NaN,9.442521260630315,NaN,0.0009433642575930198
NaN,9.447498749374688,NaN,0.000940566486866382
NaN,9.45247623811906,NaN,0.0009377778250029239
NaN,9.45745372686343,NaN,0.0009349982396696639
NaN,9.462431215607804,NaN,0.000932227698657949
NaN,9.467408704352176,NaN,0.0009294661698829452
NaN,9.472386193096549,NaN,0.0009267136213831084
NaN,9.47736368184092,NaN,0.0009239700213196932
NaN,9.482341170585293,NaN,0.0009212353379762283
NaN,9.487318659329665,NaN,0.0009185095397580256
NaN,9.492296148074036,NaN,0.0009157925951916632
NaN,9.49727363681841,NaN,0.0009130844729244922
NaN,9.50225112556278,NaN,0.0009103851417241388
NaN,9.507228614307154,NaN,0.0009076945704779997
NaN,9.512206103051525,NaN,0.0009050127281927608
NaN,9.517183591795899,NaN,0.0009023395839938875
NaN,9.52216108054027,NaN,0.0008996751071251492
NaN,9.527138569284642,NaN,0.0008970192669481247
NaN,9.532116058029015,NaN,0.0008943720329417154
NaN,9.537093546773386,NaN,0.0008917333747016671
NaN,9.54207103551776,NaN,0.0008891032619400755
NaN,9.54704852426213,NaN,0.0008864816644849306
NaN,9.552026013006504,NaN,0.0008838685522796108
NaN,9.557003501750875,NaN,0.0008812638953824314
NaN,9.561980990495247,NaN,0.0008786676639661551
NaN,9.56695847923962,NaN,0.0008760798283175265
NaN,9.571935967983991,NaN,0.0008735003588368096
NaN,9.576913456728365,NaN,0.0008709292260373107
NaN,9.581890945472736,NaN,0.0008683664005449197
NaN,9.58686843421711,NaN,0.0008658118530976452
NaN,9.59184592296148,NaN,0.000863265554545152
NaN,9.596823411705852,NaN,0.0008607274758483074
NaN,9.601800900450225,NaN,0.0008581975880787172
NaN,9.606778389194597,NaN,0.0008556758624182804
NaN,9.61175587793897,NaN,0.0008531622701587241
NaN,9.616733366683341,NaN,0.0008506567827011693
NaN,9.621710855427715,NaN,0.0008481593715556601
NaN,9.626688344172086,NaN,0.0008456700083407412
NaN,9.631665832916458,NaN,0.0008431886647829928
NaN,9.63664332166083,NaN,0.0008407153127166001
NaN,9.641620810405202,NaN,0.0008382499240829058
NaN,9.646598299149575,NaN,0.0008357924709299761
NaN,9.651575787893947,NaN,0.0008333429254121609
NaN,9.65655327663832,NaN,0.0008309012597896555
NaN,9.661530765382691,NaN,0.0008284674464280749
NaN,9.666508254127063,NaN,0.0008260414577980149
NaN,9.671485742871436,NaN,0.0008236232664746258
NaN,9.676463231615807,NaN,0.0008212128451371867
NaN,9.68144072036018,NaN,0.0008188101665686774
NaN,9.686418209104552,NaN,0.0008164152036553549
NaN,9.691395697848925,NaN,0.0008140279293863312
NaN,9.696373186593297,NaN,0.0008116483168531538
NaN,9.701350675337668,NaN,0.0008092763392493853
NaN,9.706328164082041,NaN,0.0008069119698701934
NaN,9.711305652826413,NaN,0.0008045551821119243
NaN,9.716283141570786,NaN,0.000802205949471703
NaN,9.721260630315157,NaN,0.0007998642455470156
NaN,9.72623811905953,NaN,0.0007975300440352966
NaN,9.731215607803902,NaN,0.0007952033187335291
NaN,9.736193096548273,NaN,0.000792884043537835
NaN,9.741170585292647,NaN,0.0007905721924430689
NaN,9.746148074037018,NaN,0.0007882677395424224
NaN,9.751125562781391,NaN,0.0007859706590270185
NaN,9.756103051525763,NaN,0.0007836809251855133
NaN,9.761080540270136,NaN,0.0007813985124036994
NaN,9.766058029014507,NaN,0.0007791233951641169
NaN,9.771035517758879,NaN,0.0007768555480456458
NaN,9.776013006503252,NaN,0.000774594945723129
NaN,9.780990495247623,NaN,0.0007723415629669738
NaN,9.785967983991997,NaN,0.0007700953746427672
NaN,9.790945472736368,NaN,0.0007678563557108868
NaN,9.79592296148074,NaN,0.0007656244812261157
NaN,9.800900450225113,NaN,0.0007633997263372618
NaN,9.805877938969484,NaN,0.0007611820662867777
NaN,9.810855427713857,NaN,0.0007589714764103701
NaN,9.815832916458229,NaN,0.0007567679321366373
NaN,9.820810405202602,NaN,0.0007545714089866774
NaN,9.825787893946973,NaN,0.0007523818825737257
NaN,9.830765382691345,NaN,0.0007501993286027721
NaN,9.835742871435718,NaN,0.0007480237228701931
NaN,9.84072036018009,NaN,0.000745855041263384
NaN,9.845697848924463,NaN,0.0007436932597603833
NaN,9.850675337668834,NaN,0.0007415383544295151
NaN,9.855652826413207,NaN,0.0007393903014290159
NaN,9.860630315157579,NaN,0.0007372490770066743
NaN,9.86560780390195,NaN,0.0007351146574994665
NaN,9.870585292646323,NaN,0.0007329870193331987
NaN,9.875562781390695,NaN,0.0007308661390221461
NaN,9.880540270135068,NaN,0.0007287519931686974
NaN,9.88551775887944,NaN,0.0007266445584629916
NaN,9.890495247623813,NaN,0.0007245438116825783
NaN,9.895472736368184,NaN,0.0007224497296920462
NaN,9.900450225112555,NaN,0.0007203622894426864
NaN,9.905427713856929,NaN,0.0007182814679721334
NaN,9.9104052026013,NaN,0.0007162072424040266
NaN,9.915382691345673,NaN,0.0007141395899476497
NaN,9.920360180090045,NaN,0.0007120784878975988
NaN,9.925337668834418,NaN,0.0007100239136334297
NaN,9.93031515757879,NaN,0.0007079758446193176
NaN,9.93529264632316,NaN,0.0007059342584037205
NaN,9.940270135067534,NaN,0.0007038991326190319
NaN,9.945247623811905,NaN,0.0007018704449812531
NaN,9.950225112556279,NaN,0.000699848173289642
NaN,9.95520260130065,NaN,0.0006978322954263959
NaN,9.960180090045023,NaN,0.0006958227893563028
NaN,9.965157578789395,NaN,0.0006938196331264196
NaN,9.970135067533766,NaN,0.000691822804865731
NaN,9.97511255627814,NaN,0.0006898322827848308
NaN,9.98009004502251,NaN,0.0006878480451755884
NaN,9.985067533766884,NaN,0.0006858700704108214
NaN,9.990045022511255,NaN,0.0006838983369439756
NaN,9.995022511255629,NaN,0.0006819328233087915
NaN,10.0,NaN,0.0006799735081189967
