t,l,S,P_l
0.0,0.05,1.0,1.464029111857884e-101
0.002004008016032064,0.05497748874437219,0.9693822683143611,6.05419252622469e-97
0.004008016032064128,0.05995497748874437,0.8077580472627378,8.007854632038541e-93
0.006012024048096192,0.06493246623311656,0.5375194353698101,4.132811328087365e-89
0.008016032064128256,0.06990995497748874,0.2828095058031257,9.691010802124381e-86
0.01002004008016032,0.07488744372186093,0.12351521239002873,1.1630336154713082e-82
0.012024048096192385,0.07986493246623312,0.04937884259688998,7.853459676883895e-80
0.014028056112224449,0.0848424212106053,0.0201439615687981,3.221207051650341e-77
0.01603206412825651,0.08981990995497749,0.00898930635788801,8.544412491068097e-75
0.018036072144288578,0.09479739869934968,0.004465371415449808,1.5438211828674924e-72
0.02004008016032064,0.09977488744372186,0.002440453513794993,1.984418968888227e-70
0.022044088176352707,0.10475237618809405,0.0014401889447669253,1.8824921047248706e-68
0.02404809619238477,0.10972986493246624,0.0009024442859893542,1.3598067059168552e-66
0.026052104208416832,0.11470735367683842,0.0005927088563932935,7.682855052056304e-65
0.028056112224448898,0.11968484242121061,0.0004041175281653809,3.4749185563982073e-63
0.03006012024048096,0.12466233116558278,0.00028401463151246653,1.2838243645776817e-61
0.03206412825651302,0.129639819909955,0.00020466724154859226,3.9433959667531513e-60
0.03406813627254509,0.13461730865432717,0.00015062482265566578,1.0227727509340735e-58
0.036072144288577156,0.13959479739869934,0.00011286247490272934,2.2708478446298415e-57
0.03807615230460922,0.14457228614307155,8.589329135645764e-5,4.369021577006948e-56
0.04008016032064128,0.14954977488744373,6.626564513962205e-5,7.363438143120226e-55
0.04208416833667335,0.1545272636318159,5.1743694001042644e-5,1.0977289522761707e-53
0.04408817635270541,0.15950475237618808,4.084191205499904e-5,1.4602119038663369e-52
0.04609218436873747,0.16448224112056029,3.2551156238106187e-5,1.746856049011714e-51
0.04809619238476954,0.16945972986493246,2.6172362607810524e-5,1.8928043098819923e-50
0.050100200400801605,0.17443721860930464,2.1212781655467026e-5,1.8696532796985247e-49
0.052104208416833664,0.17941470735367684,1.7319645314393692e-5,1.6934370952766886e-48
0.05410821643286573,0.18439219609804902,1.4236836474767092e-5,1.4140058109427082e-47
0.056112224448897796,0.1893696848424212,1.1776030897960624e-5,1.0937792929786668e-46
0.05811623246492986,0.1943471735867934,9.797139336510696e-6,7.873164175479311e-46
0.06012024048096192,0.19932466233116558,8.194841311948462e-6,5.295367702197846e-45
0.06212424849699399,0.20430215107553776,6.889178627606708e-6,3.3405199337150366e-44
0.06412825651302605,0.20927963981990996,5.818897480849718e-6,1.9834410859877116e-43
0.06613226452905811,0.21425712856428214,4.936678551397592e-6,1.1120207097708213e-42
0.06813627254509018,0.21923461730865432,4.205681242365845e-6,5.90461837201542e-42
0.07014028056112225,0.22421210605302652,3.5970139283421824e-6,2.977550147241418e-41
0.07214428857715431,0.2291895947973987,3.087864150129661e-6,1.429657793349615e-40
0.07414829659318638,0.23416708354177088,2.660104123700286e-6,6.5516492156161095e-40
0.07615230460921844,0.23914457228614308,2.2992419649774236e-6,2.871994922208783e-39
0.0781563126252505,0.24412206103051526,1.9936266878128134e-6,1.2068005414740987e-38
0.08016032064128256,0.24909954977488744,1.7338410945711666e-6,4.870250300947644e-38
0.08216432865731463,0.2540770385192596,1.5122349108686055e-6,1.8911325725799815e-37
0.0841683366733467,0.2590545272636318,1.3225633992417588e-6,7.077644713016446e-37
0.08617234468937876,0.264032016008004,1.1597058763101966e-6,2.5570960714443987e-36
0.08817635270541083,0.26900950475237617,1.0194451716114417e-6,8.932028350684292e-36
0.09018036072144289,0.2739869934967484,8.98293865909636e-7,3.020732490275295e-35
0.09218436873747494,0.2789644822411206,7.933566576093747e-7,9.904031202229143e-35
0.09418837675350701,0.28394197098549273,7.022207933134419e-7,3.1520600313505e-34
0.09619238476953908,0.28891945972986494,6.22868419017874e-7,9.749314781089534e-34
0.09819639278557114,0.29389694847423714,5.536061435080908e-7,2.9338414986467622e-33
0.10020040080160321,0.2988744372186093,4.930081847886408e-7,8.598870454123975e-33
0.10220440881763528,0.3038519259629815,4.398702870392946e-7,2.457100622470671e-32
0.10420841683366733,0.3088294147073537,3.9317221715474875e-7,6.851613162746906e-32
0.1062124248496994,0.31380690345172585,3.5204712564409934e-7,1.8661271449455305e-31
0.10821643286573146,0.31878439219609805,3.1575642270588566e-7,4.968648400615397e-31
0.11022044088176353,0.32376188094047026,2.836691033819314e-7,1.2943012945036542e-30
0.11222444889779559,0.3287393696848424,2.552446756997792e-7,3.30115981160841e-30
0.11422845691382766,0.3337168584292146,2.3001901749910143e-7,8.249912549570195e-30
0.11623246492985972,0.3386943471735868,2.0759262237639715e-7,2.0215571174634132e-29
0.11823647294589178,0.34367183591795897,1.8762080132213293e-7,4.8603149583979725e-29
0.12024048096192384,0.3486493246623312,1.6980549058430038e-7,1.1472521186599482e-28
0.12224448897795591,0.3536268134067034,1.5388838297377768e-7,2.6603024267450483e-28
0.12424849699398798,0.3586043021510755,1.3964515299052255e-7,6.063599643111854e-28
0.12625250501002003,0.36358179089544773,1.2688058869395572e-7,1.3592389788331804e-27
0.1282565130260521,0.36855927963981994,1.1542447740960556e-7,2.9981595546084572e-27
0.13026052104208416,0.3735367683841921,1.0512811990143607e-7,6.510661400985272e-27
0.13226452905811623,0.3785142571285643,9.586136990677637e-8,1.392564494889474e-26
0.1342685370741483,0.3834917458729365,8.751011399536587e-8,2.935113143175641e-26
0.13627254509018036,0.38846923461730865,7.997412141502644e-8,6.098805083764849e-26
0.13827655310621242,0.39344672336168085,7.316520558654321e-8,1.2498506679308657e-25
0.1402805611222445,0.398424212106053,6.700564873454741e-8,2.527205238784843e-25
0.14228456913827656,0.4034017008504252,6.14268492070316e-8,5.043828559360249e-25
0.14428857715430862,0.4083791895947974,5.6368157676631365e-8,9.939834838679409e-25
0.1462925851703407,0.41335667833916956,5.177587389853448e-8,1.9348721696340512e-24
0.14829659318637275,0.41833416708354176,4.76023802368248e-8,3.721592003693947e-24
0.15030060120240482,0.42331165582791397,4.380539193557263e-8,7.075415354203914e-24
0.1523046092184369,0.4282891445722861,4.034730724223726e-8,1.3300245044508439e-23
0.15430861723446893,0.4332666333166583,3.719464310169982e-8,2.4727742156695534e-23
0.156312625250501,0.4382441220610305,3.4317544321073527e-8,4.548351528006056e-23
0.15831663326653306,0.4432216108054027,3.1689355932939734e-8,8.279253933526252e-23
0.16032064128256512,0.4481990995497749,2.9286250018735074e-8,1.4918129664124705e-22
0.1623246492985972,0.4531765882941471,2.708689954454825e-8,2.6615683292811655e-22
0.16432865731462926,0.45815407703851924,2.5072192849495172e-8,4.702955896214709e-22
0.16633266533066132,0.46313156578289144,2.322498334581321e-8,8.232283174991345e-22
0.1683366733466934,0.46810905452726365,2.152986976761719e-8,1.4278682570997738e-21
0.17034068136272545,0.4730865432716358,1.9973002964852716e-8,2.4545573897191877e-21
0.17234468937875752,0.478064032016008,1.8541915799384566e-8,4.182835862951451e-21
0.1743486973947896,0.4830415207603802,1.722537317716222e-8,7.067619302616075e-21
0.17635270541082165,0.48801900950475235,1.601323965715103e-8,1.1843202844093193e-20
0.17835671342685372,0.49299649824912456,1.4896362425162159e-8,1.9685430007175963e-20
0.18036072144288579,0.49797398699349676,1.3866467718011787e-8,3.246261776591287e-20
0.18236472945891782,0.5029514757378689,1.2916069038252926e-8,5.31209106476903e-20
0.1843687374749499,0.5079289644822411,1.2038385718480286e-8,8.627176032864365e-20
0.18637274549098196,0.5129064532266133,1.12272705823116e-8,1.3908116239987013e-19
0.18837675350701402,0.5178839419709855,1.0477145611145792e-8,2.226062714396333e-19
0.1903807615230461,0.5228614307153577,9.782944665526162e-9,3.537908001266059e-19
0.19238476953907815,0.5278389194597298,9.14006243063643e-9,5.584240915886476e-19
0.19438877755511022,0.532816408204102,8.54430885987302e-9,8.755007484332742e-19
0.1963927855711423,0.5377938969484742,7.991868480894539e-9,1.3636029048808504e-18
0.19839679358717435,0.5427713856928464,7.479264007025144e-9,2.1101854987863077e-18
0.20040080160320642,0.5477488744372186,7.003323765062447e-9,3.245002909310074e-18
0.20240480961923848,0.5527263631815907,6.561152509845266e-9,4.9594086851286e-18
0.20440881763527055,0.557703851925963,6.150105247593523e-9,7.533936074137766e-18
0.20641282565130262,0.5626813406703352,5.767763735086179e-9,1.1377488090403092e-17
0.20841683366733466,0.5676588294147074,5.4119153610875176e-9,1.708271385807283e-17
0.21042084168336672,0.5726363181590796,5.080534150832886e-9,2.5503829956905135e-17
0.2124248496993988,0.5776138069034518,4.771763664500617e-9,3.786540045322378e-17
0.21442885771543085,0.5825912956478239,4.483901586991821e-9,5.591359685207815e-17
0.21643286573146292,0.5875687843921961,4.215385829501562e-9,8.212545029648994e-17
0.218436873747495,0.5925462731365683,3.964781983712434e-9,1.199968784356162e-16
0.22044088176352705,0.5975237618809405,3.73077198733709e-9,1.7443719466581924e-16
0.22244488977955912,0.6025012506253127,3.5121438754927596e-9,2.5230686457599325e-16
0.22444889779559118,0.6074787393696849,3.3077825062789327e-9,3.6314706455294624e-16
0.22645290581162325,0.612456228114057,3.1166611611837634e-9,5.201648753057394e-16
0.22845691382765532,0.6174337168584292,2.937833931768945e-9,7.415576517043491e-16
0.23046092184368738,0.6224112056028014,2.7704288136535585e-9,1.0522854232824047e-15
0.23246492985971945,0.6273886943471736,2.6136414372884063e-9,1.4864325507514213e-15
0.23446893787575152,0.6323661830915458,2.4667293725174263e-9,2.0903410861208027e-15
0.23647294589178355,0.637343671835918,2.3290069505786057e-9,2.926750560209728e-15
0.23847695390781562,0.6423211605802901,2.1998405531050887e-9,4.08024494602059e-15
0.24048096192384769,0.6472986493246623,2.078644322936947e-9,5.664390602499829e-15
0.24248496993987975,0.6522761380690345,1.9648762562228007e-9,7.831053074381909e-15
0.24448897795591182,0.6572536268134067,1.8580346394466489e-9,1.0782510525399857e-14
0.24649298597194388,0.6622311155577789,1.7576547987180596e-9,1.4787143112151458e-14
0.24849699398797595,0.6672086043021511,1.6633061319659768e-9,2.0199677719126832e-14
0.250501002004008,0.6721860930465232,1.574589397623559e-9,2.7487214483046916e-14
0.25250501002004005,0.6771635817908954,1.4911342360241252e-9,3.7262565332427414e-14
0.2545090180360721,0.6821410705352676,1.4125969020820714e-9,5.032680709576812e-14
0.2565130260521042,0.6871185592796398,1.33865818993859e-9,6.772340646630332e-14
0.25851703406813625,0.692096048024012,1.2690215321381399e-9,9.080682759966114e-14
0.2605210420841683,0.6970735367683842,1.2034112575918375e-9,1.2132920455183573e-13
0.2625250501002004,0.7020510255127563,1.1415709941000773e-9,1.6154947258672808e-13
0.26452905811623245,0.7070285142571285,1.0832622025675642e-9,2.1437033076736383e-13
0.2665330661322645,0.7120060030015007,1.0282628312664906e-9,2.8350958360570813e-13
0.2685370741482966,0.716983491745873,9.763660796026403e-10,3.7371381710715575e-13
0.27054108216432865,0.7219609804902452,9.273792618279972e-10,4.91024044972103e-13
0.2725450901803607,0.7269384692346174,8.811227620336717e-10,6.431049608038537e-13
0.2745490981963928,0.7319159579789895,8.374290725590578e-10,8.396518055980245e-13
0.27655310621242485,0.7368934467233617,7.961419086763043e-10,1.0928916679368697e-12
0.2785571142284569,0.7418709354677339,7.571153930616849e-10,1.4181993471563907e-12
0.280561122244489,0.7468484242121061,7.202133041545734e-10,1.834851806819557e-12
0.28256513026052105,0.7518259129564783,6.853083830369982e-10,2.3669498172190452e-12
0.2845691382765531,0.7568034017008505,6.522816939479729e-10,3.0445407331296388e-12
0.2865731462925852,0.7617808904452226,6.210220339821746e-10,3.904982591269669e-12
0.28857715430861725,0.7667583791895948,5.914253879166545e-10,4.99459696963557e-12
0.2905811623246493,0.771735867933967,5.633944244663211e-10,6.370666472175429e-12
0.2925851703406814,0.7767133566783392,5.368380305925482e-10,8.103842448063e-12
0.29458917835671344,0.7816908454227114,5.116708807828181e-10,1.0281039804237079e-11
0.2965931863727455,0.7866683341670836,4.878130384857129e-10,1.3008908721682695e-11
0.2985971943887776,0.7916458229114557,4.6518958712750826e-10,1.6417987960194377e-11
0.30060120240480964,0.7966233116558279,4.437302883564684e-10,2.0667661475913016e-11
0.3026052104208417,0.8016008004002001,4.2336926536082584e-10,2.595205954802856e-11
0.3046092184368738,0.8065782891445723,4.040447092882817e-10,3.2507067808985475e-11
0.3066132264529058,0.8115557778889445,3.85698606960388e-10,4.0618632817265886e-11
0.30861723446893785,0.8165332666333167,3.6827648822594654e-10,5.0632581453622333e-11
0.3106212424849699,0.8215107553776888,3.517271914349579e-10,6.296620384160043e-11
0.312625250501002,0.826488244122061,3.360026456399192e-10,7.812188610495235e-11
0.31462925851703405,0.8314657328664332,3.210576682455878e-10,9.67031205255494e-11
0.3166332665330661,0.8364432216108054,3.068497769326436e-10,1.194332670386585e-10
0.3186372745490982,0.8414207103551776,2.9333901477597597e-10,1.4717749201735275e-10
0.32064128256513025,0.8463981990995497,2.8048778756539633e-10,1.8096836851198503e-10
0.3226452905811623,0.8513756878439219,2.682607124161785e-10,2.2203568712022182e-10
0.3246492985971944,0.8563531765882941,2.5662447682965757e-10,2.718410991043836e-10
0.32665330661322645,0.8613306653326663,2.455477074307572e-10,3.3211829392213904e-10
0.3286573146292585,0.8663081540770385,2.3500084767034597e-10,4.0491950271151033e-10
0.3306613226452906,0.8712856428214107,2.249560438362282e-10,4.926692182299932e-10
0.33266533066132264,0.8762631315657828,2.153870387678182e-10,5.982261310898823e-10
0.3346693386773547,0.881240620310155,2.062690727165396e-10,7.249544026974295e-10
0.3366733466933868,0.8862181090545272,1.9757879083710256e-10,8.768055279720092e-10
0.33867735470941884,0.8911955977988995,1.8929415683438597e-10,1.0584121866114055e-9
0.3406813627254509,0.8961730865432717,1.813943723269934e-10,1.2751956413356855e-9
0.342685370741483,0.9011505752876439,1.7385980152193808e-10,1.5334884161762834e-9
0.34468937875751504,0.906128064032016,1.6667190082560606e-10,1.8406741785012354e-9
0.3466933867735471,0.9111055527763882,1.5981315304436572e-10,2.2053469561360972e-9
0.3486973947895792,0.9160830415207604,1.5326700585415926e-10,2.637492046732194e-9
0.35070140280561124,0.9210605302651326,1.4701781424230888e-10,3.1486912215526534e-9
0.3527054108216433,0.9260380190095048,1.4105078664677802e-10,3.752355091211992e-9
0.35470941883767537,0.931015507753877,1.3535193453839844e-10,4.463985787752521e-9
0.35671342685370744,0.9359929964982491,1.2990802521025965e-10,5.301473426911139e-9
0.3587174348697395,0.9409704852426213,1.24706537555682e-10,6.285430147669521e-9
0.36072144288577157,0.9459479739869935,1.1973562063208401e-10,7.439565884324294e-9
0.3627254509018036,0.9509254627313657,1.1498405482271725e-10,8.791110410497901e-9
0.36472945891783565,0.9559029514757379,1.1044121542177674e-10,1.0371286605830433e-8
0.3667334669338677,0.9608804402201101,1.0609703848089662e-10,1.2215840335644814e-8
0.3687374749498998,0.9658579289644822,1.0194198876658691e-10,1.4365632802689533e-8
0.37074148296593185,0.9708354177088544,9.796702968884477e-11,1.6867301729150033e-8
0.3727454909819639,0.9758129064532266,9.416359507104096e-11,1.9773998257409013e-8
0.374749498997996,0.9807903951975988,9.052356264031307e-11,2.314620702042259e-8
0.37675350701402804,0.985767883941971,8.703922912614367e-11,2.705265742784827e-8
0.3787575150300601,0.9907453726863432,8.37032868626223e-11,3.157133484294275e-8
0.3807615230460922,0.9957228614307153,8.050880179713244e-11,3.679060098835389e-8
0.38276553106212424,1.0007003501750875,7.74491928149113e-11,4.2810433616763626e-8
0.3847695390781563,1.0056778389194598,7.45182122951504e-11,4.9743796215300204e-8
0.3867735470941884,1.010655327663832,7.17099278200651e-11,5.771814928097009e-8
0.38877755511022044,1.015632816408204,6.901870496371004e-11,6.687711550818354e-8
0.3907815631262525,1.0206103051525763,6.643919109227345e-11,7.738231206869026e-8
0.3927855711422846,1.0255877938969484,6.396630011218775e-11,8.94153640387438e-8
0.39478957915831664,1.0305652826413207,6.15951981066653e-11,1.0318011393761869e-7
0.3967935871743487,1.0355427713856928,5.93212898052371e-11,1.1890504328515289e-7
0.39879759519038077,1.040520260130065,5.714020583455833e-11,1.3684592306303293e-7
0.40080160320641284,1.0454977488744372,5.504779070217078e-11,1.5728871097398943e-7
0.4028056112224449,1.0504752376188093,5.30400914680977e-11,1.805527144337885e-7
0.40480961923847697,1.0554527263631817,5.111334706210818e-11,2.0699403930142892e-7
0.40681362725450904,1.0604302151075538,4.9263978207244314e-11,2.3700934545147058e-7
0.4088176352705411,1.065407703851926,4.748857791276794e-11,2.710399314172065e-7
0.41082164328657317,1.0703851925962982,4.57839025020718e-11,3.095761714819695e-7
0.41282565130260523,1.0753626813406703,4.414686314332206e-11,3.5316232976606417e-7
0.4148296593186373,1.0803401700850426,4.257451785266979e-11,4.0240177704558434e-7
0.4168336673346693,1.0853176588294147,4.1064063941798814e-11,4.5796263724402224e-7
0.4188376753507014,1.090295147573787,3.961283088337461e-11,5.20583891754643e-7
0.42084168336673344,1.095272636318159,3.8218273569636756e-11,5.910819709773639e-7
0.4228456913827655,1.1002501250625312,3.6877965940939855e-11,6.703578636851354e-7
0.4248496993987976,1.1052276138069035,3.558959496250761e-11,7.594047760664366e-7
0.42685370741482964,1.1102051025512756,3.435095492902555e-11,8.593163735192294e-7
0.4288577154308617,1.115182591295648,3.3159942077968995e-11,9.712956394919435e-7
0.4308617234468938,1.12016008004002,3.201454949374943e-11,1.0966643868745183e-6
0.43286573146292584,1.1251375687843923,3.0912862285870606e-11,1.2368734586317293e-6
0.4348697394789579,1.1301150575287644,2.98530530253217e-11,1.3935136555363071e-6
0.43687374749499,1.1350925462731365,2.8833377424402242e-11,1.5683274299961514e-6
0.43887775551102204,1.1400700350175088,2.7852170246078602e-11,1.7632213860704284e-6
0.4408817635270541,1.145047523761881,2.690784142981747e-11,1.9802796268295437e-6
0.44288577154308617,1.1500250125062532,2.5998872421633777e-11,2.2217779912262344e-6
0.44488977955911824,1.1550025012506253,2.5123812696830205e-11,2.4901992236028496e-6
0.4468937875751503,1.1599799899949974,2.428127646459891e-11,2.7882491198578553e-6
0.44889779559118237,1.1649574787393697,2.3469939544304593e-11,3.1188736951242774e-6
0.45090180360721444,1.1699349674837418,2.2688536403875486e-11,3.485277418568422e-6
0.4529058116232465,1.1749124562281141,2.1935857351297868e-11,3.890942561591915e-6
0.45490981963927857,1.1798899449724862,2.121074587074274e-11,4.339649706305127e-6
0.45691382765531063,1.1848674337168583,2.051209609535285e-11,4.835499461631346e-6
0.4589178356713427,1.1898449224612306,1.9838850409186585e-11,5.382935434787443e-6
0.46092184368737477,1.1948224112056027,1.9189997171254177e-11,5.986768506165509e-6
0.46292585170340683,1.199799899949975,1.8564568554993748e-11,6.652202455800479e-6
0.4649298597194389,1.2047773886943471,1.7961638496920705e-11,7.384860989644934e-6
0.46693386773547096,1.2097548774387195,1.738032074854668e-11,8.190816213779964e-6
0.46893787575150303,1.2147323661830915,1.6819767026004524e-11,9.076618604457183e-6
0.4709418837675351,1.2197098549274636,1.6279165252134933e-11,1.0049328521493546e-5
0.4729458917835671,1.224687343671836,1.575773788609074e-11,1.111654931201187e-5
0.4749498997995992,1.229664832416208,1.5254740335796097e-11,1.2286462050838012e-5
0.47695390781563124,1.2346423211605804,1.476945944886301e-11,1.3567861963019142e-5
0.4789579158316633,1.2396198099049525,1.4301212077815871e-11,1.4970196572911827e-5
0.48096192384769537,1.2445972986493246,1.3849343715708971e-11,1.650360562310153e-5
0.48296593186372744,1.2495747873936969,1.3413227198441313e-11,1.8178962805047255e-5
0.4849699398797595,1.254552276138069,1.2992261470280226e-11,2.0007919341793136e-5
0.48697394789579157,1.2595297648824413,1.2585870409299283e-11,2.2002949461354255e-5
0.48897795591182364,1.2645072536268134,1.2193501709619316e-11,2.41773977974495e-5
0.4909819639278557,1.2694847423711857,1.1814625817513235e-11,2.6545528752136755e-5
0.49298597194388777,1.2744622311155578,1.1448734918597566e-11,2.9122577852579348e-5
0.49498997995991983,1.2794397198599299,1.109534197348608e-11,3.19248051316576e-5
0.4969939879759519,1.2844172086043022,1.0753979799424559e-11,3.496955055941549e-5
0.49899799599198397,1.2893946973486743,1.0424200195561154e-11,3.8275291549410125e-5
0.501002004008016,1.2943721860930466,1.0105573109634147e-11,4.186170256091259e-5
0.503006012024048,1.2993496748374187,9.797685843979097e-12,4.574971681457084e-5
0.5050100200400801,1.3043271635817908,9.500142298870715e-12,4.996159013563206e-5
0.5070140280561122,1.309304652326163,9.21256225132125e-12,5.4520966935080154e-5
0.5090180360721442,1.3142821410705352,8.934580667558118e-12,5.945294833513195e-5
0.5110220440881763,1.3192596298149075,8.665847047498251e-12,6.478416244141023e-5
0.5130260521042084,1.3242371185592796,8.40602479962623e-12,7.054283675979966e-5
0.5150300601202404,1.329214607303652,8.15479064476776e-12,7.675887275150716e-5
0.5170340681362725,1.334192096048024,7.911834047329745e-12,8.346392251515399e-5
0.5190380761523046,1.3391695847923961,7.676856672653492e-12,9.069146757989225e-5
0.5210420841683366,1.3441470735367684,7.449571869198638e-12,9.847689978849977e-5
0.5230460921843687,1.3491245622811405,7.22970417434242e-12,0.00010685760424423319
0.5250501002004008,1.3541020510255128,7.016988842642371e-12,0.00011587304428988442
0.5270541082164328,1.359079539769885,6.811171395470287e-12,0.00012556484848198264
0.5290581162324649,1.364057028514257,6.612007190981921e-12,0.00013597689951749565
0.531062124248497,1.3690345172586293,6.4192610134403065e-12,0.00014715542506460441
0.533066132264529,1.3740120060030014,6.232706680961106e-12,0.00015914909044328543
0.5350701402805611,1.3789894947473738,6.0521266707961874e-12,0.00017200909309547354
0.5370741482965932,1.3839669834917459,5.877311761316737e-12,0.00018578925877848394
0.5390781563126252,1.3889444722361182,5.7080606899000026e-12,0.00020054613940928724
0.5410821643286573,1.3939219609804903,5.5441798259641e-12,0.0002163391124809749
0.5430861723446894,1.3988994497248624,5.385482858433597e-12,0.00023323048196652562
0.5450901803607214,1.4038769384692347,5.231790496954732e-12,0.0002512855806186654
0.5470941883767535,1.4088544272136068,5.0829301862133825e-12,0.0002705728735683045
0.5490981963927856,1.413831915957979,4.938735832741321e-12,0.00029116406311768995
0.5511022044088176,1.4188094047023512,4.799047543626945e-12,0.00031313419461807617
0.5531062124248497,1.4237868934467233,4.663711376575795e-12,0.00033656176331543406
0.5551102204408818,1.4287643821910956,4.532579100793646e-12,0.00036152882204141585
0.5571142284569138,1.4337418709354677,4.405507968191074e-12,0.00038812108962057735
0.5591182364729459,1.43871935967984,4.282360494433076e-12,0.00041642805985876073
0.561122244488978,1.443696848424212,4.1630042493807995e-12,0.00044654311097137443
0.56312625250501,1.4486743371685844,4.047311656494532e-12,0.0004785636153044623
0.5651302605210421,1.4536518259129565,3.935159800788271e-12,0.0005125910491955159
0.5671342685370742,1.4586293146573286,3.82643024494602e-12,0.0005487311028153512
0.5691382765531062,1.463606803401701,3.721008853228979e-12,0.0005870937898267548
0.5711422845691383,1.468584292146073,3.618785622820674e-12,0.0006277935566902837
0.5731462925851704,1.4735617808904453,3.5196545222741394e-12,0.0006709493914423591
0.5751503006012024,1.4785392696348174,3.4235133367413875e-12,0.0007166849317658151
0.5771543086172345,1.4835167583791895,3.330263519680757e-12,0.0007651285721683327
0.5791583166332666,1.4884942471235618,3.2398100507522668e-12,0.00081641357007957
0.5811623246492986,1.493471735867934,3.152061299624901e-12,0.000870678150673569
0.5831663326653307,1.4984492246123062,3.0669288954329088e-12,0.0009280656102190185
0.5851703406813628,1.5034267133566783,2.98432760163059e-12,0.0009887244177561318
0.5871743486973948,1.5084042021010504,2.9041751960069313e-12,0.0010528083148955488
0.5891783567134269,1.5133816908454227,2.826392355632639e-12,0.0011204764135314665
0.591182364729459,1.5183591795897948,2.750902546522825e-12,0.001191893291258406
0.593186372745491,1.5233366683341671,2.6776319178087184e-12,0.0012672290842786291
0.5951903807615231,1.5283141570785392,2.606509200221439e-12,0.0013466595775848723
0.5971943887775552,1.5332916458229116,2.5374656086999977e-12,0.0014303662922016591
0.5991983967935872,1.5382691345672836,2.4704347489444375e-12,0.0015185365692665916
0.6012024048096193,1.5432466233116557,2.4053525277432794e-12,0.0016113636507324757
0.6032064128256514,1.548224112056028,2.3421570669123225e-12,0.001709046756470092
0.6052104208416834,1.5532016008004002,2.2807886206893393e-12,0.0018117911575514995
0.6072144288577155,1.5581790895447725,2.221189496436343e-12,0.0019198082454937686
0.6092184368737475,1.5631565782891446,2.1633039785078417e-12,0.002033315597243588
0.6112224448897795,1.5681340670335167,2.1070782551500064e-12,0.0021525370356844406
0.6132264529058116,1.573111555777889,2.0524603483017442e-12,0.0022777026854490855
0.6152304609218436,1.578089044522261,1.9994000461745996e-12,0.0024090490238222596
0.6172344689378757,1.5830665332666334,1.9478488384938674e-12,0.002546818926520719
0.6192384769539078,1.5880440220110055,1.8977598542886735e-12,0.0026912617081401627
0.6212424849699398,1.5930215107553778,1.8490878021237928e-12,0.0028426331570622922
0.6232464929859719,1.5979989994997499,1.8017889126707754e-12,0.00300119556461818
0.625250501002004,1.602976488244122,1.75582088352052e-12,0.0031672177483086884
0.627254509018036,1.6079539769884943,1.7111428261438148e-12,0.0033409750688866806
0.6292585170340681,1.6129314657328664,1.6677152149104848e-12,0.003522749441110955
0.6312625250501002,1.6179089544772387,1.6254998380817659e-12,0.003712829337986874
0.6332665330661322,1.6228864432216108,1.5844597506942856e-12,0.003911509788314479
0.6352705410821643,1.627863931965983,1.5445592292576254e-12,0.004119092367371002
0.6372745490981964,1.6328414207103552,1.5057637281908621e-12,0.004335885180561154
0.6392785571142284,1.6378189094547273,1.4680398379267583e-12,0.004562202839875289
0.6412825651302605,1.6427963981990996,1.4313552446153848e-12,0.004798366433003501
0.6432865731462926,1.6477738869434717,1.3956786913619183e-12,0.0050447034849603525
0.6452905811623246,1.652751375687844,1.3609799409362097e-12,0.005301547912083993
0.6472945891783567,1.6577288644322161,1.3272297398944042e-12,0.005569239968281039
0.6492985971943888,1.6627063531765882,1.2943997840554777e-12,0.005848126183398054
0.6513026052104208,1.6676838419209605,1.262462685278019e-12,0.006138559293608611
0.6533066132264529,1.6726613306653326,1.231391939484935e-12,0.006440898163715366
0.655310621242485,1.677638819409705,1.2011618958859853e-12,0.006755507701275455
0.657314629258517,1.682616308154077,1.1717477273502094e-12,0.007082758762467682
0.6593186372745491,1.6875937968984491,1.1431254018823415e-12,0.00742302804963068
0.6613226452905812,1.6925712856428214,1.1152716551592566e-12,0.007776698000410996
0.6633266533066132,1.6975487743871935,1.0881639640843638e-12,0.008144156668471202
0.6653306613226453,1.7025262631315659,1.0617805213196297e-12,0.008525797595719274
0.6673346693386774,1.707503751875938,1.036100210756623e-12,0.00892201967603101
0.6693386773547094,1.7124812406203103,1.011102583889588e-12,0.009333227010449367
0.6713426853707415,1.7174587293646824,9.86767837055106e-13,0.00975982875385513
0.6733466933867736,1.7224362181090545,9.630767895043959e-13,0.010202238953116198
0.6753507014028056,1.7274137068534268,9.400108622756992e-13,0.010660876376733354
0.6773547094188377,1.7323911955977989,9.175520578355734e-13,0.011136164336012657
0.6793587174348698,1.7373686843421712,8.956829404591939e-13,0.011628530497807259
0.6813627254509018,1.7423461730865433,8.743866173210038e-13,0.01213840668888179
0.6833667334669339,1.7473236618309154,8.536467202682449e-13,0.012666228691966616
0.685370741482966,1.7523011505752877,8.334473882510173e-13,0.013212436033579135
0.687374749498998,1.7572786393196598,8.137732503836122e-13,0.013777471763703046
0.6893787575150301,1.762256128064032,7.946094096128812e-13,0.01436178222742791
0.6913827655310621,1.7672336168084042,7.759414269704128e-13,0.01496581682866265
0.6933867735470942,1.7722111055527763,7.577553063862141e-13,0.01559002778604995
0.6953907815631263,1.7771885942971486,7.400374800425191e-13,0.016234869881219114
0.6973947895791583,1.7821660830415207,7.227747942471995e-13,0.016900800199526896
0.6993987975951904,1.787143571785893,7.059544958070883e-13,0.01758827786344832
0.7014028056112225,1.792121060530265,6.895642188823201e-13,0.01829776375878927
0.7034068136272545,1.7970985492746374,6.735919723035518e-13,0.019029720253905757
0.7054108216432866,1.8020760380190095,6.580261273346553e-13,0.019784610912123943
0.7074148296593187,1.8070535267633816,6.42855405864167e-13,0.020562900197567846
0.7094188376753507,1.812031015507754,6.280688690094537e-13,0.02136505317461025
0.7114228456913828,1.817008504252126,6.136559061181843e-13,0.022191535201174596
0.7134268537074149,1.8219859929964983,5.996062241523151e-13,0.02304281161612435
0.7154308617234469,1.8269634817408704,5.859098374403802e-13,0.02391934742098678
0.717434869739479,1.8319409704852425,5.725570577844368e-13,0.024821606956267946
0.7194388777555111,1.8369184592296148,5.595384849085648e-13,0.02575005357262405
0.7214428857715431,1.841895947973987,5.468449972363159e-13,0.026705149297163694
0.7234468937875751,1.8468734367183592,5.34467742985023e-13,0.027687354495164726
0.7254509018036072,1.8518509254627313,5.223981315653345e-13,0.02869712752749597
0.7274549098196392,1.8568284142071037,5.106278252748149e-13,0.02973492440404384
0.7294589178356713,1.8618059029514757,4.991487312748563e-13,0.030801198433449636
0.7314629258517034,1.8667833916958478,4.879529938405975e-13,0.03189639986947131
0.7334669338677354,1.8717608804402202,4.770329868739197e-13,0.033020975554290094
0.7354709418837675,1.8767383691845922,4.66381306669988e-13,0.03417536855908724
0.7374749498997996,1.8817158579289646,4.559907649281662e-13,0.035360017822224844
0.7394789579158316,1.8866933466733367,4.4585438199849083e-13,0.03657535778536602
0.7414829659318637,1.8916708354177088,4.359653803552266e-13,0.0378218180278785
0.7434869739478958,1.896648324162081,4.263171782893471e-13,0.03909982289986682
0.7454909819639278,1.9016258129064532,4.1690338381210254e-13,0.04040979115418506
0.7474949899799599,1.9066033016508255,4.0771778876212963e-13,0.041752135577783726
0.749498997995992,1.9115807903951976,3.987543631088467e-13,0.043127262622747194
0.751503006012024,1.9165582791395699,3.90007249445154e-13,0.04453557203738315
0.7535070140280561,1.921535767883942,3.814707576627211e-13,0.045977456497724105
0.7555110220440882,1.926513256628314,3.73139359803399e-13,0.04745330123980493
0.7575150300601202,1.9314907453726864,3.6500768508053523e-13,0.04896348369308167
0.7595190380761523,1.9364682341170585,3.5707051506420644e-13,0.05050837311535451
0.7615230460921844,1.9414457228614308,3.4932277902460623e-13,0.052088330229563384
0.7635270541082164,1.946423211605803,3.4175954942804085e-13,0.05370370686281729
0.7655310621242485,1.951400700350175,3.3437603758019347e-13,0.05535484558802452
0.7675350701402806,1.9563781890945473,3.27167589411516e-13,0.05704207936848465
0.7695390781563126,1.9613556778389194,3.2012968139979713e-13,0.058765731205803126
0.7715430861723447,1.9663331665832917,3.132579166251426e-13,0.06052611379148896
0.7735470941883767,1.9713106553276638,3.0654802095277224e-13,0.06232352916258879
0.7755511022044088,1.9762881440720361,2.9999583933921747e-13,0.06415826836171261
0.7775551102204409,1.9812656328164082,2.935973322576573e-13,0.06603061110179781
0.779559118236473,1.9862431215607803,2.873485722382914e-13,0.06794082543595902
0.781563126252505,1.9912206103051526,2.812457405197979e-13,0.06988916743276274
0.7835671342685371,1.9961980990495247,2.7528512380806893e-13,0.07187588085726197
0.7855711422845691,2.001175587793897,2.694631111385529e-13,0.07390119685812309
0.7875751503006012,2.0061530765382694,2.637761908386704e-13,0.07596533366116703
0.7895791583166333,2.0111305652826412,2.582209475868958e-13,0.0780684962696442
0.7915831663326653,2.0161080540270135,2.5279405956521857e-13,0.08021087617155642
0.7935871743486974,2.021085542771386,2.4749229570182257e-13,0.08239265105432539
0.7955911823647295,2.0260630315157577,2.423125130009299e-13,0.08461398452711275
0.7975951903807615,2.03104052026013,2.372516539568681e-13,0.08687502585107491
0.7995991983967936,2.0360180090045024,2.3230674404952585e-13,0.0891759096778376
0.8016032064128257,2.0409954977488742,2.27474889318462e-13,0.09151675579646298
0.8036072144288577,2.0459729864932465,2.2275327401303195e-13,0.09389766888917495
0.8056112224448898,2.050950475237619,2.181391583159874e-13,0.09631873829609583
0.8076152304609219,2.055927963981991,2.1362987613809977e-13,0.09878003778924445
0.8096192384769539,2.060905452726363,2.0922283298143948e-13,0.10128162535603105
0.811623246492986,2.0658829414707354,2.0491550386903127e-13,0.10382354299247597
0.8136272545090181,2.0708604302151077,2.0070543133868445e-13,0.10640581650636964
0.8156312625250501,2.0758379189594796,1.9659022349887441e-13,0.10902845533058272
0.8176352705410822,2.080815407703852,1.9256755214462763e-13,0.1116914523467212
0.8196392785571143,2.085792896448224,1.886351509314327e-13,0.11439478371931205
0.8216432865731463,2.0907703851925965,1.84790813605271e-13,0.11713840874069721
0.8236472945891784,2.0957478739369684,1.8103239228692533e-13,0.11992226968679813
0.8256513026052105,2.1007253626813407,1.7735779580879075e-13,0.12274629168390531
0.8276553106212425,2.105702851425713,1.7376498810247234e-13,0.1256103825866318
0.8296593186372746,2.110680340170085,1.7025198663551527e-13,0.12851443286716618
0.8316633266533067,2.115657828914457,1.668168608956693e-13,0.13145831551594128
0.8336673346693386,2.1206353176588295,1.6345773092114443e-13,0.1344418859538236
0.8356713426853707,2.1256128064032014,1.6017276587536907e-13,0.13746498195592433
0.8376753507014028,2.1305902951475737,1.5696018266481373e-13,0.14052742358711556
0.8396793587174348,2.135567783891946,1.538182445984886e-13,0.14362901314931753
0.8416833667334669,2.1405452726363183,1.50745260087777e-13,0.1467695351406287
0.843687374749499,2.14552276138069,1.477395813853081e-13,0.14994875622633752
0.845691382765531,2.1505002501250625,1.4479960336161806e-13,0.15316642522186102
0.8476953907815631,2.155477738869435,1.4192376231839151e-13,0.1564222730876303
0.8496993987975952,2.1604552276138067,1.3911053483711614e-13,0.1597160129359398
0.8517034068136272,2.165432716358179,1.363584366620224e-13,0.1630473400497647
0.8537074148296593,2.1704102051025513,1.3366602161621932e-13,0.16641593191353068
0.8557114228456913,2.1753876938469237,1.3103188054997336e-13,0.1698214482558239
0.8577154308617234,2.1803651825912955,1.2845464032011326e-13,0.17326353110400386
0.8597194388777555,2.185342671335668,1.259329627995781e-13,0.1767418048506775
0.8617234468937875,2.19032016008004,1.2346554391615814e-13,0.18025587633198006
0.8637274549098196,2.195297648824412,1.2105111271951117e-13,0.18380533491759904
0.8657314629258517,2.2002751375687843,1.1868843047556553e-13,0.18738975261246404
0.8677354709418837,2.2052526263131567,1.163762897874535e-13,0.19100868417001476
0.8697394789579158,2.210230115057529,1.1411351374214474e-13,0.19466166721695238
0.8717434869739479,2.215207603801901,1.1189895508197863e-13,0.1983482223893653
0.87374749498998,2.220185092546273,1.0973149540031987e-13,0.20206785348011336
0.875751503006012,2.2251625812906455,1.0761004436058838e-13,0.2058200475973391
0.8777555110220441,2.2301400700350174,1.0553353893793856e-13,0.20960427533397394
0.8797595190380761,2.2351175587793897,1.035009426828869e-13,0.21341999094808958
0.8817635270541082,2.240095047523762,1.0151124500621048e-13,0.21726663255393977
0.8837675350701403,2.245072536268134,9.956346048446047e-14,0.22114362232352505
0.8857715430861723,2.250050025012506,9.765662818545696e-14,0.2250503666985134
0.8877755511022044,2.2550275137568785,9.578981101315131e-14,0.22898625661232463
0.8897795591182365,2.260005002501251,9.396209507126331e-14,0.23295066772219827
0.8917835671342685,2.2649824912456227,9.217258904511841e-14,0.23694296065103895
0.8937875751503006,2.269959979989995,9.042042360113022e-14,0.2409624812388396
0.8957915831663327,2.2749374687343673,8.870475080339106e-14,0.24500856080346087
0.8977955911823647,2.279914957478739,8.702474354684958e-14,0.24908051641055454
0.8997995991983968,2.2848924462231115,8.53795950065739e-14,0.2531776511524017
0.9018036072144289,2.289869934967484,8.376851810261199e-14,0.25729925443542356
0.9038076152304609,2.294847423711856,8.219074497997853e-14,0.2614446022761386
0.905811623246493,2.299824912456228,8.06455265033124e-14,0.26561295760530657
0.9078156312625251,2.3048024012006003,7.913213176576265e-14,0.26980357058002025
0.9098196392785571,2.3097798899449726,7.764984761167624e-14,0.2740156789034738
0.9118236472945892,2.3147573786893445,7.619797817267328e-14,0.27824850815215857
0.9138276553106213,2.319734867433717,7.47758444167094e-14,0.2825012721102161
0.9158316633266533,2.324712356178089,7.338278370973775e-14,0.2867731731106676
0.9178356713426854,2.3296898449224615,7.201814938959434e-14,0.2910634023832623
0.9198396793587175,2.3346673336668333,7.068131035174386e-14,0.2953711404086506
0.9218436873747495,2.3396448224112056,6.937165064653363e-14,0.2996955572786081
0.9238476953907816,2.344622311155578,6.808856908761421e-14,0.3040358130620201
0.9258517034068137,2.34959979989995,6.683147887119732e-14,0.308391058176345
0.9278557114228457,2.354577288644322,6.55998072058301e-14,0.31276043376425927
0.9298597194388778,2.3595547773886945,6.439299495237677e-14,0.31714307207519327
0.9318637274549099,2.3645322661330663,6.321049627390699e-14,0.32153809685146656
0.9338677354709419,2.3695097548774386,6.205177829520028e-14,0.3259446237187236
0.935871743486974,2.374487243621811,6.091632077158489e-14,0.33036176058037053
0.9378757515030061,2.3794647323661833,5.98036157668381e-14,0.3347886080157187
0.9398797595190381,2.384442221110555,5.871316733988345e-14,0.33922425968153497
0.9418837675350702,2.3894197098549275,5.764449124002874e-14,0.3436678027166986
0.9438877755511023,2.3943971985993,5.6597114610496446e-14,0.34811831814966243
0.9458917835671342,2.3993746873436717,5.557057570000591e-14,0.35257488130842674
0.9478957915831663,2.404352176088044,5.45644235821738e-14,0.3570365622327216
0.9498997995991983,2.4093296648324163,5.357821788250765e-14,0.3615024260880978
0.9519038076152304,2.4143071535767886,5.2611528512772165e-14,0.365971533581637
0.9539078156312625,2.4192846423211605,5.1663935412516764e-14,0.3704429413789796
0.9559118236472945,2.424262131065533,5.07350282975583e-14,0.3749157025223803
0.9579158316633266,2.429239619809905,4.982440641521917e-14,0.37938886684949275
0.9599198396793587,2.434217108554277,4.893167830612742e-14,0.38386148141260457
0.9619238476953907,2.4391945972986493,4.805646157239139e-14,0.3883325908980256
0.9639278557114228,2.4441720860430216,4.719838265196661e-14,0.3928012380453461
0.9659318637274549,2.4491495747873935,4.6357076599038896e-14,0.3972664640662883
0.9679358717434869,2.454127063531766,4.5532186870252456e-14,0.4017273090628677
0.969939879759519,2.459104552276138,4.4723365116616946e-14,0.40618281244458465
0.9719438877755511,2.4640820410205104,4.393027098093294e-14,0.410632013344385
0.9739478957915831,2.4690595297648823,4.315257190057941e-14,0.4150739510331094
0.9759519038076152,2.4740370185092546,4.238994291551211e-14,0.4195076653321749
0.9779559118236473,2.479014507253627,4.164206648132584e-14,0.4239321970242215
0.9799599198396793,2.483991995997999,4.0908632287238385e-14,0.42834658826147415
0.9819639278557114,2.488969484742371,4.018933707885776e-14,0.4327498829715633
0.9839679358717435,2.4939469734867434,3.9483884485598786e-14,0.4371411272605558
0.9859719438877755,2.4989244622311158,3.8791984852619055e-14,0.44151936981295853
0.9879759519038076,2.5039019509754876,3.811335507714783e-14,0.44588366228845283
0.9899799599198397,2.50887943971986,3.744771844908576e-14,0.4502330597151301
0.9919839679358717,2.5138569284642323,3.679480449575626e-14,0.45456662087899424
0.9939879759519038,2.518834417208604,3.615434883069354e-14,0.45888340870951905
0.9959919839679359,2.5238119059529764,3.5526093006355143e-14,0.4631824906610379
0.9979959919839679,2.5287893946973488,3.4909784370650506e-14,0.467462939089751
1.0,2.533766883441721,3.430517592718016e-14,0.4717238316261532
NaN,2.538744372186093,NaN,0.4759642515426769
NaN,2.5437218609304653,NaN,0.4801832881163574
NaN,2.5486993496748376,NaN,0.48438003698633264
NaN,2.5536768384192094,NaN,0.4885536005059963
NaN,2.5586543271635818,NaN,0.49270308808962765
NaN,2.563631815907954,NaN,0.4968276165533283
NaN,2.568609304652326,NaN,0.5009263104501034
NaN,2.5735867933966983,NaN,0.5049983023989304
NaN,2.5785642821410706,NaN,0.50904273340766
NaN,2.583541770885443,NaN,0.5130587531896138
NaN,2.5885192596298148,NaN,0.5170455204737295
NaN,2.593496748374187,NaN,0.5210022033081341
NaN,2.5984742371185594,NaN,0.5249279793570051
NaN,2.6034517258629313,NaN,0.5288220361906162
NaN,2.6084292146073036,NaN,0.5326835715684433
NaN,2.613406703351676,NaN,0.5365117937152305
NaN,2.6183841920960482,NaN,0.5403059215899151
NaN,2.62336168084042,NaN,0.5440651851473166
NaN,2.6283391695847924,NaN,0.5477888255925081
NaN,2.6333166583291647,NaN,0.5514760956277805
NaN,2.6382941470735366,NaN,0.5551262596921349
NaN,2.643271635817909,NaN,0.5587385941932292
NaN,2.6482491245622812,NaN,0.5623123877317175
NaN,2.6532266133066535,NaN,0.5658469413179306
NaN,2.6582041020510254,NaN,0.5693415685808421
NaN,2.6631815907953977,NaN,0.5727955959692854
NaN,2.66815907953977,NaN,0.5762083629453725
NaN,2.673136568284142,NaN,0.579579222170093
NaN,2.6781140570285142,NaN,0.5829075396810669
NaN,2.6830915457728866,NaN,0.5861926950624226
NaN,2.6880690345172584,NaN,0.5894340816067968
NaN,2.6930465232616307,NaN,0.5926311064694445
NaN,2.698024012006003,NaN,0.5957831908144499
NaN,2.7030015007503754,NaN,0.5988897699530509
NaN,2.7079789894947472,NaN,0.6019502934740782
NaN,2.7129564782391196,NaN,0.6049642253665258
NaN,2.717933966983492,NaN,0.6079310441342668
NaN,2.7229114557278637,NaN,0.6108502429029435
NaN,2.727888944472236,NaN,0.6137213295190606
NaN,2.7328664332166084,NaN,0.616543826641303
NaN,2.7378439219609807,NaN,0.6193172718241357
NaN,2.7428214107053526,NaN,0.622041217593711
NaN,2.747798899449725,NaN,0.6247152315161405
NaN,2.752776388194097,NaN,0.6273388962581797
NaN,2.757753876938469,NaN,0.6299118096403808
NaN,2.7627313656828414,NaN,0.6324335846827757
NaN,2.7677088544272137,NaN,0.6349038496431537
NaN,2.7726863431715856,NaN,0.6373222480479981
NaN,2.777663831915958,NaN,0.6396884387161592
NaN,2.78264132066033,NaN,0.6420020957753343
NaN,2.7876188094047025,NaN,0.6442629086714385
NaN,2.7925962981490744,NaN,0.6464705821709448
NaN,2.7975737868934467,NaN,0.6486248363562825
NaN,2.802551275637819,NaN,0.6507254066143822
NaN,2.807528764382191,NaN,0.6527720436184592
NaN,2.812506253126563,NaN,0.6547645133031313
NaN,2.8174837418709355,NaN,0.6567025968329675
NaN,2.822461230615308,NaN,0.6585860905645736
NaN,2.8274387193596797,NaN,0.6604148060023095
NaN,2.832416208104052,NaN,0.6621885697477521
NaN,2.8373936968484244,NaN,0.6639072234430077
NaN,2.8423711855927962,NaN,0.6655706237079854
NaN,2.8473486743371685,NaN,0.667178642071744
NaN,2.852326163081541,NaN,0.6687311648980283
NaN,2.857303651825913,NaN,0.6702280933051079
NaN,2.862281140570285,NaN,0.6716693430800393
NaN,2.8672586293146574,NaN,0.6730548445874709
NaN,2.8722361180590297,NaN,0.6743845426731118
NaN,2.8772136068034015,NaN,0.6756583965619849
NaN,2.882191095547774,NaN,0.6768763797515921
NaN,2.887168584292146,NaN,0.678038479900113
NaN,2.892146073036518,NaN,0.6791446987097663
NaN,2.8971235617808904,NaN,0.6801950518054583
NaN,2.9021010505252627,NaN,0.6811895686088476
NaN,2.907078539269635,NaN,0.6821282922079543
NaN,2.912056028014007,NaN,0.6830112792224454
NaN,2.917033516758379,NaN,0.6838385996647192
NaN,2.9220110055027515,NaN,0.6846103367969283
NaN,2.9269884942471234,NaN,0.6853265869840631
NaN,2.9319659829914957,NaN,0.685987459543233
NaN,2.936943471735868,NaN,0.6865930765892709
NaN,2.9419209604802403,NaN,0.6871435728767956
NaN,2.946898449224612,NaN,0.6876390956388607
NaN,2.9518759379689845,NaN,0.6880798044223223
NaN,2.956853426713357,NaN,0.6884658709200532
NaN,2.9618309154577287,NaN,0.6887974788001366
NaN,2.966808404202101,NaN,0.6890748235321675
NaN,2.9717858929464733,NaN,0.6892981122107905
NaN,2.9767633816908456,NaN,0.6894675633766035
NaN,2.9817408704352175,NaN,0.6895834068345542
NaN,2.98671835917959,NaN,0.6896458834699576
NaN,2.991695847923962,NaN,0.6896552450622615
NaN,2.996673336668334,NaN,0.689611754096682
NaN,3.0016508254127063,NaN,0.6895156835738383
NaN,3.0066283141570787,NaN,0.6893673168175071
NaN,3.0116058029014505,NaN,0.6891669472806209
NaN,3.016583291645823,NaN,0.6889148783496299
NaN,3.021560780390195,NaN,0.6886114231473501
NaN,3.0265382691345675,NaN,0.6882569043344139
NaN,3.0315157578789393,NaN,0.6878516539094428
NaN,3.0364932466233117,NaN,0.6873960130080589
NaN,3.041470735367684,NaN,0.6868903317008471
NaN,3.046448224112056,NaN,0.6863349687903864
NaN,3.051425712856428,NaN,0.6857302916074568
NaN,3.0564032016008005,NaN,0.6850766758065376
NaN,3.061380690345173,NaN,0.6843745051607015
NaN,3.0663581790895447,NaN,0.6836241713560153
NaN,3.071335667833917,NaN,0.68282607378555
NaN,3.0763131565782893,NaN,0.6819806193431069
NaN,3.081290645322661,NaN,0.6810882222167605
NaN,3.0862681340670335,NaN,0.6801493036823167
NaN,3.091245622811406,NaN,0.679164291896792
NaN,3.0962231115557777,NaN,0.678133621692
NaN,3.10120060030015,NaN,0.6770577343683504
NaN,3.1061780890445223,NaN,0.6759370774889478
NaN,3.1111555777888946,NaN,0.6747721046740834
NaN,3.1161330665332665,NaN,0.6735632753962087
NaN,3.121110555277639,NaN,0.6723110547754797
NaN,3.126088044022011,NaN,0.6710159133759558
NaN,3.131065532766383,NaN,0.6696783270025382
NaN,3.1360430215107553,NaN,0.6682987764987284
NaN,3.1410205102551276,NaN,0.6668777475452891
NaN,3.1459979989995,NaN,0.6654157304598807
NaN,3.150975487743872,NaN,0.6639132199977542
NaN,3.155952976488244,NaN,0.6623707151535705
NaN,3.1609304652326164,NaN,0.660788718964421
NaN,3.1659079539769883,NaN,0.659167738314116
NaN,3.1708854427213606,NaN,0.6575082837388116
NaN,3.175862931465733,NaN,0.6558108692340395
NaN,3.1808404202101053,NaN,0.6540760120632045
NaN,3.185817908954477,NaN,0.6523042325676094
NaN,3.1907953976988495,NaN,0.65049605397807
NaN,3.1957728864432218,NaN,0.648652002228176
NaN,3.2007503751875936,NaN,0.6467726057692554
NaN,3.205727863931966,NaN,0.6448583953870934
NaN,3.2107053526763383,NaN,0.6429099040204626
NaN,3.21568284142071,NaN,0.6409276665815082
NaN,3.2206603301650825,NaN,0.638912219778043
NaN,3.225637818909455,NaN,0.6368641019377933
NaN,3.230615307653827,NaN,0.6347838528346421
NaN,3.235592796398199,NaN,0.6326720135169123
NaN,3.2405702851425713,NaN,0.6305291261377282
NaN,3.2455477738869436,NaN,0.6283557337874979
NaN,3.2505252626313155,NaN,0.626152380328549
NaN,3.255502751375688,NaN,0.6239196102319546
NaN,3.26048024012006,NaN,0.6216579684165843
NaN,3.2654577288644324,NaN,0.6193680000904084
NaN,3.2704352176088043,NaN,0.6170502505940872
NaN,3.2754127063531766,NaN,0.6147052652468714
NaN,3.280390195097549,NaN,0.6123335891948426
NaN,3.285367683841921,NaN,0.609935767261515
NaN,3.290345172586293,NaN,0.6075123438008231
NaN,3.2953226613306654,NaN,0.6050638625525161
NaN,3.3003001500750373,NaN,0.6025908664999785
NaN,3.3052776388194096,NaN,0.6000938977304927
NaN,3.310255127563782,NaN,0.5975734972979657
NaN,3.3152326163081542,NaN,0.5950302050881253
NaN,3.320210105052526,NaN,0.5924645596862104
NaN,3.3251875937968984,NaN,0.5898770982471534
NaN,3.3301650825412707,NaN,0.5872683563682812
NaN,3.3351425712856426,NaN,0.5846388679645281
NaN,3.340120060030015,NaN,0.5819891651461759
NaN,3.3450975487743873,NaN,0.5793197780991303
NaN,3.3500750375187596,NaN,0.5766312349677266
NaN,3.3550525262631314,NaN,0.5739240617400823
NaN,3.3600300150075038,NaN,0.5711987821359842
NaN,3.365007503751876,NaN,0.5684559174973244
NaN,3.369984992496248,NaN,0.5656959866810738
NaN,3.3749624812406203,NaN,0.5629195059547948
NaN,3.3799399699849926,NaN,0.5601269888946948
NaN,3.384917458729365,NaN,0.5573189462862073
NaN,3.3898949474737368,NaN,0.5544958860271041
NaN,3.394872436218109,NaN,0.551658313033124
NaN,3.3998499249624814,NaN,0.5488067291461198
NaN,3.4048274137068533,NaN,0.5459416330447054
NaN,3.4098049024512256,NaN,0.5430635201573989
NaN,3.414782391195598,NaN,0.5401728825782504
NaN,3.4197598799399698,NaN,0.5372702089849446
NaN,3.424737368684342,NaN,0.5343559845593568
NaN,3.4297148574287144,NaN,0.5314306909105643
NaN,3.4346923461730867,NaN,0.5284948060002826
NaN,3.4396698349174586,NaN,0.5255488040707247
NaN,3.444647323661831,NaN,0.5225931555748551
NaN,3.4496248124062032,NaN,0.519628327109035
NaN,3.454602301150575,NaN,0.5166547813480301
NaN,3.4595797898949474,NaN,0.5136729769823658
NaN,3.4645572786393197,NaN,0.510683368658016
NaN,3.469534767383692,NaN,0.507686406918398
NaN,3.474512256128064,NaN,0.5046825381486578
NaN,3.4794897448724362,NaN,0.5016722045222234
NaN,3.4844672336168085,NaN,0.498655843949605
NaN,3.4894447223611804,NaN,0.4956338900294201
NaN,3.4944222111055527,NaN,0.4926067720016167
NaN,3.499399699849925,NaN,0.4895749147028804
NaN,3.5043771885942974,NaN,0.48653873852419105
NaN,3.5093546773386692,NaN,0.4834986593705106
NaN,3.5143321660830416,NaN,0.4804550886225772
NaN,3.519309654827414,NaN,0.47740843310077924
NaN,3.5242871435717857,NaN,0.4743590950310826
NaN,3.529264632316158,NaN,0.47130747201298545
NaN,3.5342421210605304,NaN,0.46825395698947864
NaN,3.5392196098049022,NaN,0.46519893821897734
NaN,3.5441970985492746,NaN,0.4621427992492022
NaN,3.549174587293647,NaN,0.45908591889298145
NaN,3.554152076038019,NaN,0.45602867120594653
NaN,3.559129564782391,NaN,0.45297142546609165
NaN,3.5641070535267634,NaN,0.44991454615516824
NaN,3.5690845422711357,NaN,0.4468583929418957
NaN,3.5740620310155076,NaN,0.44380332066694267
NaN,3.57903951975988,NaN,0.44074967932966425
NaN,3.584017008504252,NaN,0.43769781407656344
NaN,3.5889944972486245,NaN,0.4346480651914405
NaN,3.5939719859929964,NaN,0.4316007680872121
NaN,3.5989494747373687,NaN,0.4285562532993593
NaN,3.603926963481741,NaN,0.4255148464809877
NaN,3.608904452226113,NaN,0.42247686839945703
NaN,3.613881940970485,NaN,0.41944263493456097
NaN,3.6188594297148575,NaN,0.41641245707822316
NaN,3.6238369184592294,NaN,0.41338664093568117
NaN,3.6288144072036017,NaN,0.41036548772812437
NaN,3.633791895947974,NaN,0.407349293796767
NaN,3.6387693846923463,NaN,0.4043383506083122
NaN,3.643746873436718,NaN,0.40133294476179066
NaN,3.6487243621810905,NaN,0.3983333579967367
NaN,3.653701850925463,NaN,0.39533986720267356
NaN,3.6586793396698347,NaN,0.39235274442988294
NaN,3.663656828414207,NaN,0.3893722569014229
NaN,3.6686343171585793,NaN,0.38639866702636916
NaN,3.6736118059029517,NaN,0.3834322324142521
NaN,3.6785892946473235,NaN,0.3804732058906555
NaN,3.683566783391696,NaN,0.37752183551395085
NaN,3.688544272136068,NaN,0.3745783645931437
NaN,3.69352176088044,NaN,0.37164303170679436
NaN,3.6984992496248124,NaN,0.36871607072298807
NaN,3.7034767383691847,NaN,0.36579771082033435
NaN,3.708454227113557,NaN,0.3628881765099526
NaN,3.713431715857929,NaN,0.3599876876584313
NaN,3.718409204602301,NaN,0.3570964595117213
NaN,3.7233866933466735,NaN,0.35421470271994604
NaN,3.7283641820910454,NaN,0.35134262336309274
NaN,3.7333416708354177,NaN,0.348480422977563
NaN,3.73831915957979,NaN,0.34562829858355626
NaN,3.743296648324162,NaN,0.34278644271325737
NaN,3.748274137068534,NaN,0.3399550434398017
NaN,3.7532516258129065,NaN,0.33713428440699605
NaN,3.758229114557279,NaN,0.3343243448597654
NaN,3.7632066033016507,NaN,0.3315253996753035
NaN,3.768184092046023,NaN,0.32873761939489754
NaN,3.7731615807903953,NaN,0.3259611702564092
NaN,3.778139069534767,NaN,0.3231962142273824
NaN,3.7831165582791395,NaN,0.3204429090387512
NaN,3.788094047023512,NaN,0.31770140821913406
NaN,3.793071535767884,NaN,0.3149718611296788
NaN,3.798049024512256,NaN,0.3122544129994434
NaN,3.8030265132566283,NaN,0.30954920496128646
NaN,3.8080040020010006,NaN,0.30685637408824334
NaN,3.8129814907453725,NaN,0.30417605343037035
NaN,3.817958979489745,NaN,0.3015083720520275
NaN,3.822936468234117,NaN,0.29885345506958627
NaN,3.8279139569784895,NaN,0.2962114236895365
NaN,3.8328914457228613,NaN,0.2935823952469681
NaN,3.8378689344672337,NaN,0.2909664832444165
NaN,3.842846423211606,NaN,0.28836379739103984
NaN,3.847823911955978,NaN,0.2857744436421188
NaN,3.85280140070035,NaN,0.28319852423884784
NaN,3.8577788894447225,NaN,0.28063613774841056
NaN,3.8627563781890943,NaN,0.2780873791043098
NaN,3.8677338669334667,NaN,0.27555233964693887
NaN,3.872711355677839,NaN,0.27303110716437495
NaN,3.8776888444222113,NaN,0.2705237659333757
NaN,3.882666333166583,NaN,0.2680303967605611
NaN,3.8876438219109555,NaN,0.2655510770237629
NaN,3.892621310655328,NaN,0.2630858807135275
NaN,3.8975987993996997,NaN,0.2606348784747502
NaN,3.902576288144072,NaN,0.2581981376484282
NaN,3.9075537768884443,NaN,0.2557757223135157
NaN,3.9125312656328166,NaN,0.25336769332886433
NaN,3.9175087543771885,NaN,0.25097410837523343
NaN,3.922486243121561,NaN,0.24859502199735506
NaN,3.927463731865933,NaN,0.24623048564604066
NaN,3.932441220610305,NaN,0.24388054772031295
NaN,3.9374187093546773,NaN,0.24154525360954565
NaN,3.9423961980990496,NaN,0.23922464573560817
NaN,3.9473736868434215,NaN,0.23691876359498693
NaN,3.952351175587794,NaN,0.23462764380088114
NaN,3.957328664332166,NaN,0.23235132012525608
NaN,3.9623061530765384,NaN,0.23008982354084156
NaN,3.9672836418209103,NaN,0.22784318226306238
NaN,3.9722611305652826,NaN,0.22561142179188837
NaN,3.977238619309655,NaN,0.22339456495359888
NaN,3.982216108054027,NaN,0.22119263194243996
NaN,3.987193596798399,NaN,0.21900564036216774
NaN,3.9921710855427714,NaN,0.21683360526747267
NaN,3.9971485742871438,NaN,0.2146765392052657
NaN,4.002126063031516,NaN,0.2125344522558186
NaN,4.007103551775888,NaN,0.21040735207375147
NaN,4.01208104052026,NaN,0.20829524392885665
NaN,4.017058529264633,NaN,0.2061981307467471
NaN,4.022036018009005,NaN,0.20411601314932187
NaN,4.027013506753376,NaN,0.20204888949504146
NaN,4.031990995497749,NaN,0.19999675591900132
NaN,4.036968484242121,NaN,0.19795960637279889
NaN,4.041945972986493,NaN,0.19593743266418362
NaN,4.046923461730866,NaN,0.19393022449648112
NaN,4.051900950475238,NaN,0.1919379695077888
NaN,4.05687843921961,NaN,0.18996065330993
NaN,4.061855927963982,NaN,0.18799825952716587
NaN,4.066833416708354,NaN,0.18605076983464977
NaN,4.071810905452726,NaN,0.18411816399662892
NaN,4.076788394197099,NaN,0.1822004199043767
NaN,4.081765882941471,NaN,0.18029751361385493
NaN,4.086743371685843,NaN,0.17840941938310179
NaN,4.0917208604302155,NaN,0.17653610970933334
NaN,4.096698349174587,NaN,0.1746775553657631
NaN,4.101675837918959,NaN,0.17283372543812214
NaN,4.106653326663332,NaN,0.17100458736088975
NaN,4.111630815407704,NaN,0.1691901069532171
NaN,4.116608304152076,NaN,0.1673902484545445
NaN,4.1215857928964486,NaN,0.16560497455991255
NaN,4.12656328164082,NaN,0.16383424645495434
NaN,4.131540770385192,NaN,0.16207802385057138
NaN,4.136518259129565,NaN,0.16033626501728868
NaN,4.141495747873937,NaN,0.15860892681928448
NaN,4.146473236618309,NaN,0.15689596474808998
NaN,4.151450725362682,NaN,0.15519733295596025
NaN,4.156428214107054,NaN,0.15351298428891105
NaN,4.161405702851425,NaN,0.15184287031941734
NaN,4.166383191595798,NaN,0.15018694137877353
NaN,4.17136068034017,NaN,0.14854514658911466
NaN,4.176338169084542,NaN,0.1469174338950921
NaN,4.181315657828915,NaN,0.1453037500952034
NaN,4.186293146573287,NaN,0.14370404087277844
NaN,4.191270635317659,NaN,0.14211825082661328
NaN,4.196248124062031,NaN,0.14054632350125845
NaN,4.201225612806403,NaN,0.1389882014169497
NaN,4.206203101550775,NaN,0.13744382609919498
NaN,4.211180590295148,NaN,0.13591313810800054
NaN,4.21615807903952,NaN,0.13439607706674725
NaN,4.221135567783892,NaN,0.1328925816907108
NaN,4.2261130565282645,NaN,0.13140258981522643
NaN,4.231090545272636,NaN,0.12992603842349948
NaN,4.236068034017008,NaN,0.12846286367405654
NaN,4.241045522761381,NaN,0.1270130009278456
NaN,4.246023011505753,NaN,0.12557638477497599
NaN,4.251000500250125,NaN,0.1241529490611033
NaN,4.2559779889944975,NaN,0.12274262691345898
NaN,4.26095547773887,NaN,0.12134535076652474
NaN,4.265932966483241,NaN,0.11996105238735116
NaN,4.270910455227614,NaN,0.1185896629005213
NaN,4.275887943971986,NaN,0.1172311128127631
NaN,4.280865432716358,NaN,0.11588533203720497
NaN,4.2858429214607305,NaN,0.11455224991728269
NaN,4.290820410205103,NaN,0.11323179525029319
NaN,4.295797898949475,NaN,0.11192389631059743
NaN,4.300775387693847,NaN,0.11062848087247758
NaN,4.305752876438219,NaN,0.10934547623264185
NaN,4.310730365182591,NaN,0.10807480923238705
NaN,4.3157078539269635,NaN,0.10681640627941351
NaN,4.320685342671336,NaN,0.10557019336929825
NaN,4.325662831415708,NaN,0.1043360961066237
NaN,4.33064032016008,NaN,0.103114039725769
NaN,4.335617808904452,NaN,0.10190394911136015
NaN,4.340595297648824,NaN,0.10070574881838591
NaN,4.3455727863931966,NaN,0.0995193630919764
NaN,4.350550275137569,NaN,0.09834471588684963
NaN,4.355527763881941,NaN,0.09718173088642712
NaN,4.3605052526263135,NaN,0.09603033152162038
NaN,4.365482741370685,NaN,0.09489044098929077
NaN,4.370460230115057,NaN,0.09376198227038302
NaN,4.37543771885943,NaN,0.0926448781477392
NaN,4.380415207603802,NaN,0.0915390512235898
NaN,4.385392696348174,NaN,0.09044442393672787
NaN,4.3903701850925465,NaN,0.08936091857936754
NaN,4.395347673836919,NaN,0.08828845731368962
NaN,4.40032516258129,NaN,0.08722696218807566
NaN,4.405302651325663,NaN,0.0861763551530348
NaN,4.410280140070035,NaN,0.08513655807682485
NaN,4.415257628814407,NaN,0.0841074927607688
NaN,4.4202351175587795,NaN,0.08308908095427289
NaN,4.425212606303152,NaN,0.08208124436954534
NaN,4.430190095047524,NaN,0.08108390469602073
NaN,4.435167583791896,NaN,0.0800969836144912
NaN,4.440145072536268,NaN,0.07912040281094825
NaN,4.44512256128064,NaN,0.07815408399013761
NaN,4.4501000500250125,NaN,0.07719794888883044
NaN,4.455077538769385,NaN,0.07625191928881075
NaN,4.460055027513757,NaN,0.07531591702958797
NaN,4.4650325162581295,NaN,0.07438986402082993
NaN,4.470010005002501,NaN,0.07347368225452622
NaN,4.474987493746873,NaN,0.07256729381687863
NaN,4.4799649824912455,NaN,0.07167062089992718
NaN,4.484942471235618,NaN,0.07078358581290994
NaN,4.48991995997999,NaN,0.0699061109933628
NaN,4.4948974487243625,NaN,0.06903811901795964
NaN,4.499874937468735,NaN,0.06817953261309892
NaN,4.504852426213106,NaN,0.06733027466523565
NaN,4.5098299149574785,NaN,0.06649026823096545
NaN,4.514807403701851,NaN,0.06565943654686211
NaN,4.519784892446223,NaN,0.0648377030390703
NaN,4.5247623811905955,NaN,0.06402499133265892
NaN,4.529739869934968,NaN,0.06322122526073588
NaN,4.534717358679339,NaN,0.06242632887332969
NaN,4.5396948474237115,NaN,0.06164022644603717
NaN,4.544672336168084,NaN,0.06086284248844482
NaN,4.549649824912456,NaN,0.06009410175232303
NaN,4.5546273136568285,NaN,0.05933392923959812
NaN,4.559604802401201,NaN,0.05858225021010368
NaN,4.564582291145573,NaN,0.057838990189116764
NaN,4.5695597798899446,NaN,0.05710407497467905
NaN,4.574537268634317,NaN,0.0563774306447063
NaN,4.579514757378689,NaN,0.05565898356389292
NaN,4.5844922461230615,NaN,0.05494866039040743
NaN,4.589469734867434,NaN,0.05424638808238891
NaN,4.594447223611806,NaN,0.053552093904243314
NaN,4.5994247123561784,NaN,0.052865705432742584
NaN,4.60440220110055,NaN,0.05218715056293195
NaN,4.609379689844922,NaN,0.05151635751384504
NaN,4.6143571785892945,NaN,0.05085325483403294
NaN,4.619334667333667,NaN,0.05019777140690773
NaN,4.624312156078039,NaN,0.049549836455903225
NaN,4.6292896448224115,NaN,0.04890937954945841
NaN,4.634267133566784,NaN,0.04827633060582281
NaN,4.639244622311155,NaN,0.047650619897689234
NaN,4.6442221110555275,NaN,0.04703217805665581
NaN,4.6491995997999,NaN,0.046420936077519265
NaN,4.654177088544272,NaN,0.04581682532240419
NaN,4.6591545772886445,NaN,0.045219777524728375
NaN,4.664132066033017,NaN,0.044629724793009466
NaN,4.669109554777389,NaN,0.04404659961451364
NaN,4.6740870435217605,NaN,0.043470334858750466
NaN,4.679064532266133,NaN,0.0429008637808154
NaN,4.684042021010505,NaN,0.042338120024583634
NaN,4.6890195097548775,NaN,0.041782037625756684
NaN,4.69399699849925,NaN,0.04123255101476589
NaN,4.698974487243622,NaN,0.04068959501953328
NaN,4.703951975987994,NaN,0.040153104868094834
NaN,4.708929464732366,NaN,0.039623016191086095
NaN,4.713906953476738,NaN,0.039099265024095026
NaN,4.7188844422211105,NaN,0.03858178780988302
NaN,4.723861930965483,NaN,0.03807052140047677
NaN,4.728839419709855,NaN,0.037565403059133605
NaN,4.733816908454227,NaN,0.03706637046218353
NaN,4.7387943971986,NaN,0.03657336170074834
NaN,4.743771885942971,NaN,0.03608631528234281
NaN,4.7487493746873435,NaN,0.03560517013235687
NaN,4.753726863431716,NaN,0.035129865595425476
NaN,4.758704352176088,NaN,0.03466034143668444
NaN,4.76368184092046,NaN,0.034196537842916444
NaN,4.768659329664833,NaN,0.033738395423589654
NaN,4.773636818409204,NaN,0.03328585521178993
NaN,4.7786143071535765,NaN,0.0328388586650503
NaN,4.783591795897949,NaN,0.03239734766607861
NaN,4.788569284642321,NaN,0.031961264523386164
NaN,4.793546773386693,NaN,0.0315305519718196
NaN,4.798524262131066,NaN,0.031105153172997238
NaN,4.803501750875438,NaN,0.030685011715653174
NaN,4.8084792396198095,NaN,0.030270071615890078
NaN,4.813456728364182,NaN,0.029860277317343496
NaN,4.818434217108554,NaN,0.029455573691259233
NaN,4.8234117058529264,NaN,0.02905590603648613
NaN,4.828389194597299,NaN,0.028661220079385256
NaN,4.833366683341671,NaN,0.028271461973659397
NaN,4.838344172086043,NaN,0.027886578300101928
NaN,4.843321660830415,NaN,0.027506516066270175
NaN,4.848299149574787,NaN,0.02713122270608162
NaN,4.8532766383191595,NaN,0.026760646079338705
NaN,4.858254127063532,NaN,0.026394734471179737
NaN,4.863231615807904,NaN,0.02603343659146188
NaN,4.868209104552276,NaN,0.0256767015740744
NaN,4.873186593296649,NaN,0.02532447897618625
NaN,4.87816408204102,NaN,0.02497671877742904
NaN,4.8831415707853925,NaN,0.024633371379016174
NaN,4.888119059529765,NaN,0.024294387602801504
NaN,4.893096548274137,NaN,0.023959718690277687
NaN,4.898074037018509,NaN,0.023629316301516334
NaN,4.903051525762882,NaN,0.023303132514051906
NaN,4.908029014507254,NaN,0.022981119821710097
NaN,4.9130065032516255,NaN,0.022663231133383498
NaN,4.917983991995998,NaN,0.022349419771754152
NaN,4.92296148074037,NaN,0.02203963947196716
NaN,4.927938969484742,NaN,0.021733844380253727
NaN,4.932916458229115,NaN,0.02143198905250744
NaN,4.937893946973487,NaN,0.021134028452814764
NaN,4.942871435717859,NaN,0.02083991795193959
NaN,4.947848924462231,NaN,0.020549613325765964
NaN,4.952826413206603,NaN,0.0202630707536972
NaN,4.957803901950975,NaN,0.019980246817015608
NaN,4.962781390695348,NaN,0.01970109849720216
NaN,4.96775887943972,NaN,0.019425583174218483
NaN,4.972736368184092,NaN,0.019153658624751442
NaN,4.977713856928464,NaN,0.01888528302042292
NaN,4.982691345672836,NaN,0.018620414925964324
NaN,4.987668834417208,NaN,0.01835901329735933
NaN,4.992646323161581,NaN,0.018101037479953085
NaN,4.997623811905953,NaN,0.017846447206531682
NaN,5.002601300650325,NaN,0.017595202595371742
NaN,5.007578789394698,NaN,0.01734726414826122
NaN,5.012556278139069,NaN,0.01710259274849314
NaN,5.017533766883441,NaN,0.016861149658832564
NaN,5.022511255627814,NaN,0.016622896519458724
NaN,5.027488744372186,NaN,0.016387795345882625
NaN,5.032466233116558,NaN,0.01615580852684153
NaN,5.037443721860931,NaN,0.015926898822171052
NaN,5.042421210605303,NaN,0.01570102936065637
NaN,5.0473986993496744,NaN,0.015478163637862839
NaN,5.052376188094047,NaN,0.015258265513947242
NaN,5.057353676838419,NaN,0.01504129921145114
NaN,5.062331165582791,NaN,0.01482722931307611
NaN,5.067308654327164,NaN,0.014616020759442891
NaN,5.072286143071536,NaN,0.014407638846834431
NaN,5.077263631815908,NaN,0.014202049224924419
NaN,5.08224112056028,NaN,0.013999217894491506
NaN,5.087218609304652,NaN,0.013799111205120462
NaN,5.092196098049024,NaN,0.013601695852891001
NaN,5.097173586793397,NaN,0.013406938878054974
NaN,5.102151075537769,NaN,0.013214807662702593
NaN,5.107128564282141,NaN,0.013025269928418699
NaN,5.112106053026514,NaN,0.012838293733929858
NaN,5.117083541770885,NaN,0.012653847472742435
NaN,5.122061030515257,NaN,0.012471899870773129
NaN,5.12703851925963,NaN,0.012292419983972274
NaN,5.132016008004002,NaN,0.012115377195940422
NaN,5.136993496748374,NaN,0.01194074121553914
NaN,5.141970985492747,NaN,0.011768482074496699
NaN,5.146948474237119,NaN,0.011598570125008962
NaN,5.15192596298149,NaN,0.011430976037336714
NaN,5.156903451725863,NaN,0.011265670797398868
NaN,5.161880940470235,NaN,0.011102625704363817
NaN,5.166858429214607,NaN,0.010941812368237979
NaN,5.17183591795898,NaN,0.010783202707452914
NaN,5.176813406703352,NaN,0.010626768946451148
NaN,5.181790895447723,NaN,0.010472483613271955
NaN,5.186768384192096,NaN,0.010320319537136378
NaN,5.191745872936468,NaN,0.010170249846033501
NaN,5.19672336168084,NaN,0.010022247964307056
NaN,5.201700850425213,NaN,0.009876287610243903
NaN,5.206678339169585,NaN,0.009732342793664295
NaN,5.211655827913957,NaN,0.009590387813514458
NaN,5.216633316658329,NaN,0.009450397255462298
NaN,5.221610805402701,NaN,0.009312345989495922
NaN,5.226588294147073,NaN,0.009176209167526424
NaN,5.231565782891446,NaN,0.009041962220994274
NaN,5.236543271635818,NaN,0.008909580858480589
NaN,5.24152076038019,NaN,0.008779041063323108
NaN,5.246498249124563,NaN,0.008650319091237594
NaN,5.251475737868934,NaN,0.0085233914679447
NaN,5.256453226613306,NaN,0.008398234986803015
NaN,5.261430715357679,NaN,0.00827482670644857
NaN,5.266408204102051,NaN,0.008153143948440718
NaN,5.271385692846423,NaN,0.008033164294915313
NaN,5.276363181590796,NaN,0.007914865586245207
NaN,5.281340670335168,NaN,0.007798225918708242
NaN,5.286318159079539,NaN,0.007683223642163493
NaN,5.291295647823912,NaN,0.007569837357735329
NaN,5.296273136568284,NaN,0.0074580459155064475
NaN,5.301250625312656,NaN,0.007347828412219477
NaN,5.306228114057029,NaN,0.007239164188987618
NaN,5.311205602801401,NaN,0.007132032829014668
NaN,5.316183091545773,NaN,0.007026414155324567
NaN,5.321160580290145,NaN,0.006922288228500874
NaN,5.326138069034517,NaN,0.006819635344435988
NaN,5.331115557778889,NaN,0.006718436032090927
NaN,5.336093046523262,NaN,0.006618671051265374
NaN,5.341070535267634,NaN,0.006520321390378436
NaN,5.346048024012006,NaN,0.00642336826426029
NaN,5.351025512756379,NaN,0.006327793111954806
NaN,5.35600300150075,NaN,0.006233577594533585
NaN,5.360980490245122,NaN,0.00614070359292107
NaN,5.365957978989495,NaN,0.0060491532057316425
NaN,5.370935467733867,NaN,0.005958908747118236
NaN,5.375912956478239,NaN,0.005869952744632754
NaN,5.380890445222612,NaN,0.005782267937098755
NaN,5.385867933966984,NaN,0.005695837272496177
NaN,5.390845422711355,NaN,0.005610643905858444
NaN,5.395822911455728,NaN,0.00552667119718196
NaN,5.4008004002001,NaN,0.005443902709348254
NaN,5.405777888944472,NaN,0.005362322206058705
NaN,5.410755377688845,NaN,0.00528191364978222
NaN,5.415732866433217,NaN,0.005202661199715691
NaN,5.420710355177588,NaN,0.005124549209757482
NaN,5.425687843921961,NaN,0.005047562226493999
NaN,5.430665332666333,NaN,0.004971684987199517
NaN,5.435642821410705,NaN,0.004896902417849291
NaN,5.440620310155078,NaN,0.004823199631145811
NaN,5.44559779889945,NaN,0.004750561924558795
NaN,5.450575287643822,NaN,0.004678974778378343
NaN,5.455552776388194,NaN,0.004608423853781979
NaN,5.460530265132566,NaN,0.00453889499091494
NaN,5.465507753876938,NaN,0.0044703742069845545
NaN,5.470485242621311,NaN,0.0044028476943679075
NaN,5.475462731365683,NaN,0.004336301818733604
NaN,5.480440220110055,NaN,0.0042707231171771306
NaN,5.485417708854428,NaN,0.0042060982963701915
NaN,5.490395197598799,NaN,0.004142414230723827
NaN,5.495372686343171,NaN,0.0040796579605654314
NaN,5.500350175087544,NaN,0.00401781669032986
NaN,5.505327663831916,NaN,0.003956877786764196
NaN,5.510305152576288,NaN,0.003896828777146782
NaN,5.515282641320661,NaN,0.0038376573475200327
NaN,5.520260130065033,NaN,0.003779351340937312
NaN,5.525237618809404,NaN,0.003721898755723849
NaN,5.530215107553777,NaN,0.003665287743751521
NaN,5.535192596298149,NaN,0.0036095066087278114
NaN,5.540170085042521,NaN,0.003554543804498633
NaN,5.545147573786894,NaN,0.0035003879333652247
NaN,5.550125062531266,NaN,0.0034470277444150076
NaN,5.555102551275638,NaN,0.0033944521318663525
NaN,5.56008004002001,NaN,0.0033426501334274644
NaN,5.565057528764382,NaN,0.0032916109286690084
NaN,5.570035017508754,NaN,0.0032413238374108346
NaN,5.575012506253127,NaN,0.003191778318122498
NaN,5.579989994997499,NaN,0.0031429639663376804
NaN,5.584967483741871,NaN,0.003094870513082471
NaN,5.589944972486244,NaN,0.0030474878233174214
NaN,5.594922461230615,NaN,0.003000805894393508
NaN,5.599899949974987,NaN,0.002954814854521595
NaN,5.60487743871936,NaN,0.0029095049612559527
NaN,5.609854927463732,NaN,0.0028648665999911277
NaN,5.614832416208104,NaN,0.0028208902824726546
NaN,5.619809904952477,NaN,0.002777566645321289
NaN,5.624787393696848,NaN,0.0027348864485707623
NaN,5.62976488244122,NaN,0.0026928405742190453
NaN,5.634742371185593,NaN,0.002651420024793163
NaN,5.639719859929965,NaN,0.002610615921927253
NaN,5.644697348674337,NaN,0.002570419504954067
NaN,5.64967483741871,NaN,0.0025308221295097517
NaN,5.654652326163082,NaN,0.0024918152661518667
NaN,5.659629814907453,NaN,0.0024533904989906237
NaN,5.664607303651826,NaN,0.002415539524333125
NaN,5.669584792396198,NaN,0.002378254149340863
NaN,5.67456228114057,NaN,0.0023415262907000725
NaN,5.679539769884943,NaN,0.0023053479733050777
NaN,5.684517258629315,NaN,0.002269711328954529
NaN,5.689494747373687,NaN,0.0022346085950604414
NaN,5.694472236118059,NaN,0.002200032113369999
NaN,5.699449724862431,NaN,0.002165974328700025
NaN,5.704427213606803,NaN,0.002132427787684081
NaN,5.709404702351176,NaN,0.0020993851375320956
NaN,5.714382191095548,NaN,0.002066839124802526
NaN,5.71935967983992,NaN,0.0020347825941868167
NaN,5.7243371685842925,NaN,0.002003208487306313
NaN,5.729314657328664,NaN,0.001972109841521372
NaN,5.734292146073036,NaN,0.0019414797887526416
NaN,5.739269634817409,NaN,0.0019113115543145393
NaN,5.744247123561781,NaN,0.001881598455760685
NaN,5.749224612306153,NaN,0.0018523339017413253
NaN,5.7542021010505255,NaN,0.0018235113908726779
NaN,5.759179589794898,NaN,0.0017951245106180445
NaN,5.764157078539269,NaN,0.0017671669361806735
NaN,5.769134567283642,NaN,0.001739632429408277
NaN,5.774112056028014,NaN,0.001712514837709157
NaN,5.779089544772386,NaN,0.0016858080929797574
NaN,5.7840670335167585,NaN,0.0016595062105437066
NaN,5.789044522261131,NaN,0.0016336032881021588
NaN,5.794022011005503,NaN,0.001608093504695423
NaN,5.798999499749875,NaN,0.0015829711196757384
NaN,5.803976988494247,NaN,0.0015582304716911476
NaN,5.808954477238619,NaN,0.0015338659776804385
NaN,5.813931965982992,NaN,0.0015098721318789646
NaN,5.818909454727364,NaN,0.0014862435048353156
NaN,5.823886943471736,NaN,0.0014629747424388252
NaN,5.828864432216108,NaN,0.0014400605649576657
NaN,5.83384192096048,NaN,0.001417495766087644
NaN,5.838819409704852,NaN,0.0013952752120114768
NaN,5.843796898449225,NaN,0.0013733938404684957
NaN,5.848774387193597,NaN,0.0013518466598347377
NaN,5.853751875937969,NaN,0.0013306287482132812
NaN,5.8587293646823415,NaN,0.001309735252534829
NaN,5.863706853426713,NaN,0.0012891613876683198
NaN,5.868684342171085,NaN,0.0012689024355416292
NaN,5.873661830915458,NaN,0.0012489537442722063
NaN,5.87863931965983,NaN,0.001229310727307531
NaN,5.883616808404202,NaN,0.0012099688625753936
NaN,5.8885942971485745,NaN,0.0011909236916438622
NaN,5.893571785892947,NaN,0.0011721708188908166
NaN,5.898549274637318,NaN,0.001153705910683077
NaN,5.903526763381691,NaN,0.0011355246945649253
NaN,5.908504252126063,NaN,0.001117622958456033
NaN,5.913481740870435,NaN,0.0010999965498586434
NaN,5.9184592296148075,NaN,0.0010826413750739477
NaN,5.92343671835918,NaN,0.001065553398427599
NaN,5.928414207103552,NaN,0.0010487286415042777
NaN,5.933391695847924,NaN,0.0010321631823911415
NaN,5.938369184592296,NaN,0.001015853154930229
NaN,5.943346673336668,NaN,0.0009997947479796145
NaN,5.9483241620810405,NaN,0.0009839842046832775
NaN,5.953301650825413,NaN,0.0009684178217495938
NaN,5.958279139569785,NaN,0.0009530919487384036
NaN,5.9632566283141575,NaN,0.0009380029873565192
NaN,5.968234117058529,NaN,0.0009231473907616588
NaN,5.973211605802901,NaN,0.000908521662874628
NaN,5.9781890945472735,NaN,0.0008941223576998173
NaN,5.983166583291646,NaN,0.0008799460786537662
NaN,5.988144072036018,NaN,0.0008659894779018899
NaN,5.9931215607803905,NaN,0.0008522492557030972
NaN,5.998099049524763,NaN,0.0008387221597624399
NaN,6.003076538269134,NaN,0.0008254049845915008
NaN,6.0080540270135065,NaN,0.0008122945708766103
NaN,6.013031515757879,NaN,0.0007993878048547382
NaN,6.018009004502251,NaN,0.0007866816176969679
NaN,6.0229864932466235,NaN,0.0007741729848995279
NaN,6.027963981990996,NaN,0.0007618589256822906
NaN,6.032941470735367,NaN,0.0007497365023946304
NaN,6.0379189594797396,NaN,0.0007378028199286022
NaN,6.042896448224112,NaN,0.0007260550251393547
NaN,6.047873936968484,NaN,0.0007144903062727086
NaN,6.0528514257128565,NaN,0.0007031058923998188
NaN,6.057828914457229,NaN,0.0006918990528588326
NaN,6.062806403201601,NaN,0.0006808670967035284
NaN,6.067783891945973,NaN,0.000670007372158786
NaN,6.072761380690345,NaN,0.0006593172660828687
NaN,6.077738869434717,NaN,0.0006487942034364391
NaN,6.0827163581790895,NaN,0.0006384356467582269
NaN,6.087693846923462,NaN,0.0006282390956472695
NaN,6.092671335667834,NaN,0.0006182020862516793
NaN,6.0976488244122065,NaN,0.000608322190763861
NaN,6.102626313156578,NaN,0.0005985970169220974
NaN,6.10760380190095,NaN,0.0005890242075184373
NaN,6.1125812906453225,NaN,0.0005796014399128507
NaN,6.117558779389695,NaN,0.0005703264255535246
NaN,6.122536268134067,NaN,0.0005611969095032893
NaN,6.1275137568784395,NaN,0.0005522106699720643
NaN,6.132491245622812,NaN,0.0005433655178552995
NaN,6.137468734367183,NaN,0.0005346592962783139
NaN,6.1424462231115555,NaN,0.0005260898801464614
NaN,6.147423711855928,NaN,0.0005176551757011072
NaN,6.1524012006003,NaN,0.0005093531200813008
NaN,6.1573786893446725,NaN,0.0005011816808910909
NaN,6.162356178089045,NaN,0.0004931388557724445
NaN,6.167333666833417,NaN,0.0004852226719836846
NaN,6.1723111555777885,NaN,0.00047743118598339687
NaN,6.177288644322161,NaN,0.0004697624830197181
NaN,6.182266133066533,NaN,0.00046221467672499604
NaN,6.1872436218109055,NaN,0.0004547859087157019
NaN,6.192221110555278,NaN,0.0004474743481975792
NaN,6.19719859929965,NaN,0.000440278191575947
NaN,6.202176088044022,NaN,0.0004331956620710997
NaN,6.207153576788394,NaN,0.00042622500933876573
NaN,6.212131065532766,NaN,0.00041936450909552727
NaN,6.2171085542771385,NaN,0.000412612462749184
NaN,6.222086043021511,NaN,0.00040596719703399114
NaN,6.227063531765883,NaN,0.0003994270636506879
NaN,6.232041020510255,NaN,0.0003929904389113139
NaN,6.237018509254628,NaN,0.00038665572338869597
NaN,6.241995997998999,NaN,0.0003804213415706093
NaN,6.2469734867433715,NaN,0.0003742857415185101
NaN,6.251950975487744,NaN,0.0003682473945308195
NaN,6.256928464232116,NaN,0.0003623047948106885
NaN,6.261905952976488,NaN,0.00035645645913819004
NaN,6.266883441720861,NaN,0.0003507009265468934
NaN,6.271860930465232,NaN,0.0003450367580047727
NaN,6.2768384192096045,NaN,0.00033946253609936386
NaN,6.281815907953977,NaN,0.0003339768647271892
NaN,6.286793396698349,NaN,0.00032857836878731183
NaN,6.2917708854427215,NaN,0.0003232656938790419
NaN,6.296748374187094,NaN,0.00031803750600369827
NaN,6.301725862931466,NaN,0.0003128924912704123
NaN,6.3067033516758375,NaN,0.00030782935560588824
NaN,6.31168084042021,NaN,0.0003028468244681031
NaN,6.316658329164582,NaN,0.0002979436425638852
NaN,6.3216358179089545,NaN,0.0002931185735703166
NaN,6.326613306653327,NaN,0.0002883703998599323
NaN,6.331590795397699,NaN,0.0002836979222296439
NaN,6.336568284142071,NaN,0.0002790999596333755
NaN,6.341545772886443,NaN,0.00027457534891832874
NaN,6.346523261630815,NaN,0.00027012294456485344
NaN,6.3515007503751875,NaN,0.0002657416184298909
NaN,6.35647823911956,NaN,0.00026143025949391295
NaN,6.361455727863932,NaN,0.0002571877736113423
NaN,6.366433216608304,NaN,0.0002530130832643912
NaN,6.371410705352677,NaN,0.00024890512732029445
NaN,6.376388194097048,NaN,0.0002448628607918756
NaN,6.3813656828414205,NaN,0.0002408852546014148
NaN,6.386343171585793,NaN,0.00023697129534778515
NaN,6.391320660330165,NaN,0.00023311998507679002
NaN,6.396298149074537,NaN,0.00022933034105468848
NaN,6.40127563781891,NaN,0.0002256013955448562
NaN,6.406253126563282,NaN,0.0002219321955875447
NaN,6.4112306153076535,NaN,0.00021832180278269226
NaN,6.416208104052026,NaN,0.0002147692930757587
NaN,6.421185592796398,NaN,0.00021127375654654313
NaN,6.42616308154077,NaN,0.00020783429720094205
NaN,6.431140570285143,NaN,0.0002044500327656078
NaN,6.436118059029515,NaN,0.0002011200944854823
NaN,6.441095547773887,NaN,0.0001978436269241598
NaN,6.446073036518259,NaN,0.00019461978776703993
NaN,6.451050525262631,NaN,0.00019144774762724538
NaN,6.456028014007003,NaN,0.00018832668985426057
NaN,6.461005502751376,NaN,0.0001852558103452583
NaN,6.465982991495748,NaN,0.00018223431735907782
NaN,6.47096048024012,NaN,0.00017926143133282233
NaN,6.475937968984492,NaN,0.00017633638470104695
NaN,6.480915457728864,NaN,0.00017345842171748676
NaN,6.485892946473236,NaN,0.0001706267982793139
NaN,6.490870435217609,NaN,0.0001678407817538726
NaN,6.495847923961981,NaN,0.0001650996508078693
NaN,6.500825412706353,NaN,0.0001624026952389805
NaN,6.505802901450726,NaN,0.0001597492158098568
NaN,6.510780390195097,NaN,0.00015713852408447224
NaN,6.5157578789394694,NaN,0.00015456994226680992
NaN,6.520735367683842,NaN,0.00015204280304183905
NaN,6.525712856428214,NaN,0.00014955644941875621
NaN,6.530690345172586,NaN,0.0001471102345764644
NaN,6.535667833916959,NaN,0.00014470352171125624
NaN,6.540645322661331,NaN,0.0001423356838866696
NaN,6.5456228114057025,NaN,0.0001400061038855021
NaN,6.550600300150075,NaN,0.00013771417406392768
NaN,6.555577788894447,NaN,0.0001354592962077186
NaN,6.560555277638819,NaN,0.00013324088139052227
NaN,6.565532766383192,NaN,0.00013105834983417503
NaN,6.570510255127564,NaN,0.00012891113077102148
NaN,6.575487743871936,NaN,0.0001267986623082178
NaN,6.580465232616308,NaN,0.00012472039129398749
NaN,6.58544272136068,NaN,0.00012267577318580465
NaN,6.590420210105052,NaN,0.00012066427192048122
NaN,6.595397698849425,NaN,0.00011868535978612648
NaN,6.600375187593797,NaN,0.00011673851729596002
NaN,6.605352676338169,NaN,0.0001148232330639519
NaN,6.610330165082542,NaN,0.00011293900368225998
NaN,6.615307653826913,NaN,0.00011108533360044723
NaN,6.620285142571285,NaN,0.00010926173500644753
NaN,6.625262631315658,NaN,0.00010746772770926567
NaN,6.63024012006003,NaN,0.00010570283902337657
NaN,6.635217608804402,NaN,0.0001039666036548104
NaN,6.640195097548775,NaN,0.00010225856358889411
NaN,6.645172586293147,NaN,0.00010057826797962899
NaN,6.650150075037518,NaN,9.892527304068387e-5
NaN,6.655127563781891,NaN,9.729914193797651e-5
NaN,6.660105052526263,NaN,9.569944468382808e-5
NaN,6.665082541270635,NaN,9.412575803266356e-5
NaN,6.670060030015008,NaN,9.257766537823801e-5
NaN,6.67503751875938,NaN,9.105475665237102e-5
NaN,6.680015007503751,NaN,8.955662822516368e-5
NaN,6.684992496248124,NaN,8.808288280668148e-5
NaN,6.689969984992496,NaN,8.663312935007845e-5
NaN,6.694947473736868,NaN,8.520698295614977e-5
NaN,6.699924962481241,NaN,8.380406477928366e-5
NaN,6.704902451225613,NaN,8.242400193480205e-5
NaN,6.709879939969985,NaN,8.106642740766198e-5
NaN,6.714857428714357,NaN,7.973097996251096e-5
NaN,6.719834917458729,NaN,7.841730405505965e-5
NaN,6.724812406203101,NaN,7.7125049744773e-5
NaN,6.729789894947474,NaN,7.585387260884664e-5
NaN,6.734767383691846,NaN,7.460343365745805e-5
NaN,6.739744872436218,NaN,7.337339925027107e-5
NaN,6.744722361180591,NaN,7.216344101418022e-5
NaN,6.749699849924962,NaN,7.097323576227213e-5
NaN,6.754677338669334,NaN,6.980246541398939e-5
NaN,6.759654827413707,NaN,6.86508169164848e-5
NaN,6.764632316158079,NaN,6.751798216713892e-5
NaN,6.769609804902451,NaN,6.640365793723195e-5
NaN,6.774587293646824,NaN,6.530754579675526e-5
NaN,6.779564782391196,NaN,6.42293520403374e-5
NaN,6.784542271135567,NaN,6.316878761427954e-5
NaN,6.78951975987994,NaN,6.212556804467458e-5
NaN,6.794497248624312,NaN,6.109941336660583e-5
NaN,6.799474737368684,NaN,6.009004805439671e-5
NaN,6.804452226113057,NaN,5.9097200952908495e-5
NaN,6.809429714857429,NaN,5.812060520986362e-5
NaN,6.814407203601801,NaN,5.7159998209183456e-5
NaN,6.819384692346173,NaN,5.6215121505324075e-5
NaN,6.824362181090545,NaN,5.5285720758597706e-5
NaN,6.829339669834917,NaN,5.4371545671464074e-5
NaN,6.83431715857929,NaN,5.3472349925778816e-5
NaN,6.839294647323662,NaN,5.258789112098524e-5
NaN,6.844272136068034,NaN,5.1717930713234536e-5
NaN,6.849249624812407,NaN,5.086223395542225e-5
NaN,6.854227113556778,NaN,5.0020569838129786e-5
NaN,6.85920460230115,NaN,4.919271103145293e-5
NaN,6.864182091045523,NaN,4.83784338277093e-5
NaN,6.869159579789895,NaN,4.7577518085010516e-5
NaN,6.874137068534267,NaN,4.678974717168485e-5
NaN,6.87911455727864,NaN,4.6014907911541646e-5
NaN,6.884092046023012,NaN,4.525279052996159e-5
NaN,6.889069534767383,NaN,4.450318860080423e-5
NaN,6.894047023511756,NaN,4.376589899411743e-5
NaN,6.899024512256128,NaN,4.304072182464067e-5
NaN,6.9040020010005,NaN,4.232746040108897e-5
NaN,6.908979489744873,NaN,4.162592117620462e-5
NaN,6.913956978489245,NaN,4.093591369756828e-5
NaN,6.918934467233616,NaN,4.0257250559157573e-5
NaN,6.923911955977989,NaN,3.958974735364075e-5
NaN,6.928889444722361,NaN,3.893322262539692e-5
NaN,6.933866933466733,NaN,3.828749782425046e-5
NaN,6.938844422211106,NaN,3.765239725991053e-5
NaN,6.943821910955478,NaN,3.702774805710411e-5
NaN,6.94879939969985,NaN,3.641338011139403e-5
NaN,6.953776888444222,NaN,3.5809126045670235e-5
NaN,6.958754377188594,NaN,3.521482116730469e-5
NaN,6.963731865932966,NaN,3.463030342596294e-5
NaN,6.968709354677339,NaN,3.405541337205798e-5
NaN,6.973686843421711,NaN,3.348999411584063e-5
NaN,6.978664332166083,NaN,3.2933891287115955e-5
NaN,6.983641820910456,NaN,3.2386952995575965e-5
NaN,6.988619309654827,NaN,3.184902979174063e-5
NaN,6.993596798399199,NaN,3.131997462849709e-5
NaN,6.998574287143572,NaN,3.079964282322874e-5
NaN,7.003551775887944,NaN,3.0287892020526647e-5
NaN,7.008529264632316,NaN,2.9784582155471403e-5
NaN,7.013506753376689,NaN,2.928957541748166e-5
NaN,7.018484242121061,NaN,2.880273621471598e-5
NaN,7.023461730865432,NaN,2.832393113902454e-5
NaN,7.028439219609805,NaN,2.7853028931438235e-5
NaN,7.033416708354177,NaN,2.738990044819067e-5
NaN,7.038394197098549,NaN,2.6934418627263158e-5
NaN,7.043371685842922,NaN,2.6486458455445163e-5
NaN,7.048349174587294,NaN,2.604589693590348e-5
NaN,7.053326663331666,NaN,2.561261305625132e-5
NaN,7.058304152076038,NaN,2.518648775711141e-5
NaN,7.06328164082041,NaN,2.4767403901162897e-5
NaN,7.068259129564782,NaN,2.43552462426692e-5
NaN,7.073236618309155,NaN,2.3949901397475718e-5
NaN,7.078214107053527,NaN,2.3551257813471494e-5
NaN,7.083191595797899,NaN,2.315920574150974e-5
NaN,7.088169084542272,NaN,2.277363720677694e-5
NaN,7.093146573286643,NaN,2.239444598060792e-5
NaN,7.098124062031015,NaN,2.2021527552735493e-5
NaN,7.103101550775388,NaN,2.1654779103973183e-5
NaN,7.10807903951976,NaN,2.1294099479320184e-5
NaN,7.113056528264132,NaN,2.0939389161485017e-5
NaN,7.118034017008505,NaN,2.0590550244820053e-5
NaN,7.123011505752876,NaN,2.0247486409661915e-5
NaN,7.127988994497248,NaN,1.9910102897070483e-5
NaN,7.132966483241621,NaN,1.957830648396121e-5
NaN,7.137943971985993,NaN,1.925200545862501e-5
NaN,7.142921460730365,NaN,1.893110959662913e-5
NaN,7.147898949474738,NaN,1.861553013709343e-5
NaN,7.15287643821911,NaN,1.830517975933743e-5
NaN,7.157853926963481,NaN,1.7999972559890947e-5
NaN,7.162831415707854,NaN,1.769982402986402e-5
NaN,7.167808904452226,NaN,1.7404651032669907e-5
NaN,7.172786393196598,NaN,1.7114371782096763e-5
NaN,7.177763881940971,NaN,1.6828905820721235e-5
NaN,7.182741370685343,NaN,1.654817399866053e-5
NaN,7.187718859429715,NaN,1.6272098452656454e-5
NaN,7.192696348174087,NaN,1.600060258548688e-5
NaN,7.197673836918459,NaN,1.573361104569982e-5
NaN,7.202651325662831,NaN,1.547104970766521e-5
NaN,7.207628814407204,NaN,1.5212845651938987e-5
NaN,7.212606303151576,NaN,1.495892714593564e-5
NaN,7.217583791895948,NaN,1.4709223624903305e-5
NaN,7.2225612806403205,NaN,1.4463665673198521e-5
NaN,7.227538769384692,NaN,1.4222185005854116e-5
NaN,7.232516258129064,NaN,1.3984714450437139e-5
NaN,7.237493746873437,NaN,1.3751187929192178e-5
NaN,7.242471235617809,NaN,1.3521540441465041e-5
NaN,7.247448724362181,NaN,1.3295708046403318e-5
NaN,7.2524262131065536,NaN,1.3073627845929004e-5
NaN,7.257403701850926,NaN,1.2855237967979442e-5
NaN,7.262381190595297,NaN,1.2640477550012263e-5
NaN,7.26735867933967,NaN,1.2429286722770058e-5
NaN,7.272336168084042,NaN,1.2221606594301623e-5
NaN,7.277313656828414,NaN,1.2017379234234475e-5
NaN,7.282291145572787,NaN,1.1816547658296246e-5
NaN,7.287268634317159,NaN,1.161905581308019e-5
NaN,7.292246123061531,NaN,1.1424848561051205e-5
NaN,7.297223611805903,NaN,1.1233871665788905e-5
NaN,7.302201100550275,NaN,1.104607177746406e-5
NaN,7.307178589294647,NaN,1.0861396418544478e-5
NaN,7.31215607803902,NaN,1.0679793969727413e-5
NaN,7.317133566783392,NaN,1.0501213656094092e-5
NaN,7.322111055527764,NaN,1.0325605533484053e-5
NaN,7.327088544272136,NaN,1.0152920475084922e-5
NaN,7.332066033016508,NaN,9.983110158234676e-6
NaN,7.33704352176088,NaN,9.816127051433805e-6
NaN,7.342021010505253,NaN,9.651924401562248e-6
NaN,7.346998499249625,NaN,9.490456221300456e-6
NaN,7.351975987993997,NaN,9.331677276749011e-6
NaN,7.3569534767383695,NaN,9.175543075245767e-6
NaN,7.361930965482741,NaN,9.022009853375732e-6
NaN,7.366908454227113,NaN,8.871034565171878e-6
NaN,7.371885942971486,NaN,8.722574870503741e-6
NaN,7.376863431715858,NaN,8.576589123650061e-6
NaN,7.38184092046023,NaN,8.433036362053783e-6
NaN,7.3868184092046025,NaN,8.291876295255704e-6
NaN,7.391795897948975,NaN,8.153069294004611e-6
NaN,7.396773386693346,NaN,8.01657637954051e-6
NaN,7.401750875437719,NaN,7.8823592130489e-6
NaN,7.406728364182091,NaN,7.750380085283128e-6
NaN,7.411705852926463,NaN,7.62060190635187e-6
NaN,7.4166833416708355,NaN,7.492988195670059e-6
NaN,7.421660830415208,NaN,7.367503072069951e-6
NaN,7.42663831915958,NaN,7.2441112440694494e-6
NaN,7.431615807903952,NaN,7.122778000297131e-6
NaN,7.436593296648324,NaN,7.003469200068859e-6
NaN,7.441570785392696,NaN,6.8861512641162295e-6
NaN,7.4465482741370685,NaN,6.770791165461844e-6
NaN,7.451525762881441,NaN,6.65735642044202e-6
NaN,7.456503251625813,NaN,6.545815079872002e-6
NaN,7.4614807403701855,NaN,6.436135720352856e-6
NaN,7.466458229114557,NaN,6.328287435717908e-6
NaN,7.471435717858929,NaN,6.2222398286156155e-6
NaN,7.4764132066033016,NaN,6.11796300222773e-6
NaN,7.481390695347674,NaN,6.0154275521198594e-6
NaN,7.486368184092046,NaN,5.9146045582227645e-6
NaN,7.4913456728364185,NaN,5.8154655769423895e-6
NaN,7.496323161580791,NaN,5.717982633396471e-6
NaN,7.501300650325162,NaN,5.622128213775267e-6
NaN,7.506278139069535,NaN,5.527875257825667e-6
NaN,7.511255627813907,NaN,5.435197151455241e-6
NaN,7.516233116558279,NaN,5.344067719455932e-6
NaN,7.5212106053026515,NaN,5.254461218343613e-6
NaN,7.526188094047024,NaN,5.166352329313797e-6
NaN,7.531165582791396,NaN,5.079716151309865e-6
NaN,7.536143071535768,NaN,4.99452819420329e-6
NaN,7.54112056028014,NaN,4.910764372083164e-6
NaN,7.546098049024512,NaN,4.8284009966539976e-6
NaN,7.5510755377688845,NaN,4.747414770739842e-6
NaN,7.556053026513257,NaN,4.6677827818929435e-6
NaN,7.561030515257629,NaN,4.589482496105247e-6
NaN,7.566008004002001,NaN,4.512491751621398e-6
NaN,7.570985492746373,NaN,4.436788752851603e-6
NaN,7.575962981490745,NaN,4.362352064382284e-6
NaN,7.5809404702351175,NaN,4.289160605083677e-6
NaN,7.58591795897949,NaN,4.217193642312422e-6
NaN,7.590895447723862,NaN,4.146430786207598e-6
NaN,7.5958729364682345,NaN,4.076851984078957e-6
NaN,7.600850425212606,NaN,4.008437514885947e-6
NaN,7.605827913956978,NaN,3.941167983805464e-6
NaN,7.6108054027013505,NaN,3.875024316888048e-6
NaN,7.615782891445723,NaN,3.8099877557998554e-6
NaN,7.620760380190095,NaN,3.7460398526499038e-6
NaN,7.6257378689344675,NaN,3.683162464901193e-6
NaN,7.63071535767884,NaN,3.621337750363685e-6
NaN,7.635692846423211,NaN,3.5605481622688576e-6
NaN,7.6406703351675835,NaN,3.5007764444234454e-6
NaN,7.645647823911956,NaN,3.4420056264422034e-6
NaN,7.650625312656328,NaN,3.3842190190574384e-6
NaN,7.6556028014007005,NaN,3.3274002095047837e-6
NaN,7.660580290145073,NaN,3.2715330569837453e-6
NaN,7.665557778889445,NaN,3.216601688191746e-6
NaN,7.6705352676338165,NaN,3.162590492930719e-6
NaN,7.675512756378189,NaN,3.109484119784721e-6
NaN,7.680490245122561,NaN,3.05726747186811e-6
NaN,7.6854677338669335,NaN,3.0059257026422654e-6
NaN,7.690445222611306,NaN,2.955444211800533e-6
NaN,7.695422711355678,NaN,2.90580864121982e-6
NaN,7.70040020010005,NaN,2.8570048709781088e-6
NaN,7.705377688844422,NaN,2.809019015436611e-6
NaN,7.710355177588794,NaN,2.76183741938536e-6
NaN,7.7153326663331665,NaN,2.7154466542519736e-6
NaN,7.720310155077539,NaN,2.669833514371646e-6
NaN,7.725287643821911,NaN,2.6249850133178877e-6
NaN,7.7302651325662834,NaN,2.5808883802930555e-6
NaN,7.735242621310656,NaN,2.537531056577607e-6
NaN,7.740220110055027,NaN,2.494900692037144e-6
NaN,7.7451975987993995,NaN,2.4529851416862206e-6
NaN,7.750175087543772,NaN,2.4117724623083172e-6
NaN,7.755152576288144,NaN,2.3712509091306914e-6
NaN,7.7601300650325165,NaN,2.33140893255355e-6
NaN,7.765107553776889,NaN,2.292235174932411e-6
NaN,7.77008504252126,NaN,2.2537184674130974e-6
NaN,7.7750625312656325,NaN,2.2158478268180992e-6
NaN,7.780040020010005,NaN,2.1786124525839014e-6
NaN,7.785017508754377,NaN,2.142001723748287e-6
NaN,7.7899949974987495,NaN,2.1060051959867495e-6
NaN,7.794972486243122,NaN,2.070612598697217e-6
NaN,7.799949974987494,NaN,2.035813832132497e-6
NaN,7.8049274637318655,NaN,2.0015989645795527e-6
NaN,7.809904952476238,NaN,1.9679582295846294e-6
NaN,7.81488244122061,NaN,1.934882023224152e-6
NaN,7.8198599299649825,NaN,1.9023609014197604e-6
NaN,7.824837418709355,NaN,1.8703855772975462e-6
NaN,7.829814907453727,NaN,1.838946918590367e-6
NaN,7.834792396198099,NaN,1.8080359450826344e-6
NaN,7.839769884942471,NaN,1.7776438260968602e-6
NaN,7.844747373686843,NaN,1.747761878021522e-6
NaN,7.8497248624312155,NaN,1.7183815618790833e-6
NaN,7.854702351175588,NaN,1.6894944809341702e-6
NaN,7.85967983991996,NaN,1.6610923783405862e-6
NaN,7.864657328664332,NaN,1.6331671348271036e-6
NaN,7.869634817408705,NaN,1.6057107664210146e-6
NaN,7.874612306153076,NaN,1.5787154222090956e-6
NaN,7.8795897948974485,NaN,1.5521733821351853e-6
NaN,7.884567283641821,NaN,1.526077054833873e-6
NaN,7.889544772386193,NaN,1.5004189754997865e-6
NaN,7.894522261130565,NaN,1.4751918037916663e-6
NaN,7.899499749874938,NaN,1.4503883217710206e-6
NaN,7.90447723861931,NaN,1.4260014318744023e-6
NaN,7.9094547273636815,NaN,1.4020241549191443e-6
NaN,7.914432216108054,NaN,1.3784496281416256e-6
NaN,7.919409704852426,NaN,1.3552711032679653e-6
NaN,7.924387193596798,NaN,1.332481944616216e-6
NaN,7.929364682341171,NaN,1.31007562722982e-6
NaN,7.934342171085543,NaN,1.288045735041765e-6
NaN,7.939319659829915,NaN,1.2663859590687118e-6
NaN,7.944297148574287,NaN,1.245090095635089e-6
NaN,7.949274637318659,NaN,1.2241520446261314e-6
NaN,7.9542521260630314,NaN,1.2035658077697564e-6
NaN,7.959229614807404,NaN,1.1833254869466966e-6
NaN,7.964207103551776,NaN,1.1634252825284225e-6
NaN,7.969184592296148,NaN,1.1438594917423046e-6
NaN,7.97416208104052,NaN,1.1246225070639084e-6
NaN,7.979139569784892,NaN,1.105708814635454e-6
NaN,7.9841170585292645,NaN,1.0871129927105578e-6
NaN,7.989094547273637,NaN,1.0688297101244931e-6
NaN,7.994072036018009,NaN,1.050853724789567e-6
NaN,7.999049524762381,NaN,1.0331798822153742e-6
NaN,8.004027013506754,NaN,1.01580311405344e-6
NaN,8.009004502251125,NaN,9.987184366657755e-7
NaN,8.013981990995498,NaN,9.819209497170165e-7
NaN,8.01895947973987,NaN,9.654058347898945e-7
NaN,8.023936968484243,NaN,9.491683540233668e-7
NaN,8.028914457228614,NaN,9.332038487733323e-7
NaN,8.033891945972986,NaN,9.175077382953458e-7
NaN,8.038869434717359,NaN,9.020755184491654e-7
NaN,8.04384692346173,NaN,8.869027604245525e-7
NaN,8.048824412206104,NaN,8.719851094881945e-7
NaN,8.053801900950475,NaN,8.573182837512599e-7
NaN,8.058779389694848,NaN,8.428980729573296e-7
NaN,8.06375687843922,NaN,8.287203372903297e-7
NaN,8.068734367183591,NaN,8.147810062021196e-7
NaN,8.073711855927964,NaN,8.010760772594686e-7
NaN,8.078689344672336,NaN,7.876016150101579e-7
NaN,8.083666833416709,NaN,7.743537498676471e-7
NaN,8.08864432216108,NaN,7.61328677014357e-7
NaN,8.093621810905452,NaN,7.48522655322923e-7
NaN,8.098599299649825,NaN,7.359320062953833e-7
NaN,8.103576788394196,NaN,7.235531130199193e-7
NaN,8.10855427713857,NaN,7.113824191447175e-7
NaN,8.113531765882941,NaN,6.994164278689937e-7
NaN,8.118509254627314,NaN,6.876517009505137e-7
NaN,8.123486743371686,NaN,6.760848577297215e-7
NaN,8.128464232116057,NaN,6.647125741698576e-7
NaN,8.13344172086043,NaN,6.535315819130551e-7
NaN,8.138419209604802,NaN,6.425386673520742e-7
NaN,8.143396698349175,NaN,6.317306707173136e-7
NaN,8.148374187093546,NaN,6.211044851790639e-7
NaN,8.15335167583792,NaN,6.106570559645004e-7
NaN,8.158329164582291,NaN,6.003853794894331e-7
NaN,8.163306653326662,NaN,5.902865025043206e-7
NaN,8.168284142071036,NaN,5.803575212545277e-7
NaN,8.173261630815407,NaN,5.705955806544603e-7
NaN,8.17823911955978,NaN,5.60997873475377e-7
NaN,8.183216608304152,NaN,5.515616395467025e-7
NaN,8.188194097048525,NaN,5.422841649705546e-7
NaN,8.193171585792896,NaN,5.33162781349308e-7
NaN,8.198149074537268,NaN,5.241948650259654e-7
NaN,8.203126563281641,NaN,5.153778363371229e-7
NaN,8.208104052026012,NaN,5.067091588783787e-7
NaN,8.213081540770386,NaN,4.981863387818409e-7
NaN,8.218059029514757,NaN,4.898069240057323e-7
NaN,8.22303651825913,NaN,4.81568503635671e-7
NaN,8.228014007003502,NaN,4.7346870719767037e-7
NaN,8.232991495747873,NaN,4.6550520398245033e-7
NaN,8.237968984492246,NaN,4.576757023810122e-7
NaN,8.242946473236618,NaN,4.499779492312581e-7
NaN,8.247923961980991,NaN,4.424097291754361e-7
NaN,8.252901450725362,NaN,4.3496886402827644e-7
NaN,8.257878939469736,NaN,4.2765321215561467e-7
NaN,8.262856428214107,NaN,4.204606678633647e-7
NaN,8.267833916958478,NaN,4.1338916079662125e-7
NaN,8.272811405702852,NaN,4.064366553487654e-7
NaN,8.277788894447223,NaN,3.996011500803884e-7
NaN,8.282766383191596,NaN,3.928806771478807e-7
NaN,8.287743871935968,NaN,3.862733017415285e-7
NaN,8.292721360680341,NaN,3.7977712153292953e-7
NaN,8.297698849424712,NaN,3.7339026613165263e-7
NaN,8.302676338169084,NaN,3.6711089655086706e-7
NaN,8.307653826913457,NaN,3.609372046819361e-7
NaN,8.312631315657828,NaN,3.54867412777697e-7
NaN,8.317608804402202,NaN,3.488997729443666e-7
NaN,8.322586293146573,NaN,3.4303256664190974e-7
NaN,8.327563781890946,NaN,3.372641041927021e-7
NaN,8.332541270635318,NaN,3.3159272429840606e-7
NaN,8.33751875937969,NaN,3.260167935648564e-7
NaN,8.342496248124062,NaN,3.205347060348759e-7
NaN,8.347473736868434,NaN,3.1514488272889893e-7
NaN,8.352451225612807,NaN,3.098457711931855e-7
NaN,8.357428714357178,NaN,3.0463584505561774e-7
NaN,8.362406203101552,NaN,2.9951360358887425e-7
NaN,8.367383691845923,NaN,2.9447757128089863e-7
NaN,8.372361180590294,NaN,2.895262974124918e-7
NaN,8.377338669334668,NaN,2.8465835564199234e-7
NaN,8.382316158079039,NaN,2.7987234359685087e-7
NaN,8.387293646823412,NaN,2.7516688247201495e-7
NaN,8.392271135567784,NaN,2.705406166350368e-7
NaN,8.397248624312157,NaN,2.659922132377196e-7
NaN,8.402226113056528,NaN,2.6152036183429417e-7
NaN,8.4072036018009,NaN,2.5712377400592457e-7
NaN,8.412181090545273,NaN,2.5280118299149546e-7
NaN,8.417158579289644,NaN,2.4855134332457147e-7
NaN,8.422136068034018,NaN,2.443730304763693e-7
NaN,8.427113556778389,NaN,2.402650405047576e-7
NaN,8.432091045522762,NaN,2.362261897090428e-7
NaN,8.437068534267134,NaN,2.32255314290577e-7
NaN,8.442046023011505,NaN,2.2835127001899242e-7
NaN,8.447023511755878,NaN,2.2451293190402281e-7
NaN,8.45200100050025,NaN,2.2073919387281688e-7
NaN,8.456978489244623,NaN,2.1702896845260863e-7
NaN,8.461955977988994,NaN,2.1338118645872873e-7
NaN,8.466933466733368,NaN,2.0979479668778655e-7
NaN,8.471910955477739,NaN,2.0626876561601588e-7
NaN,8.47688844422211,NaN,2.0280207710261966e-7
NaN,8.481865932966484,NaN,1.9939373209811564e-7
NaN,8.486843421710855,NaN,1.96042748357524e-7
NaN,8.491820910455228,NaN,1.9274816015834812e-7
NaN,8.4967983991996,NaN,1.8950901802329898e-7
NaN,8.501775887943971,NaN,1.863243884476252e-7
NaN,8.506753376688344,NaN,1.8319335363099937e-7
NaN,8.511730865432716,NaN,1.8011501121392784e-7
NaN,8.516708354177089,NaN,1.7708847401850646e-7
NaN,8.52168584292146,NaN,1.7411286979356467e-7
NaN,8.526663331665834,NaN,1.7118734096404687e-7
NaN,8.531640820410205,NaN,1.6831104438459222e-7
NaN,8.536618309154576,NaN,1.6548315109722294e-7
NaN,8.54159579789895,NaN,1.62702846093117e-7
NaN,8.546573286643321,NaN,1.5996932807833394e-7
NaN,8.551550775387694,NaN,1.5728180924347548e-7
NaN,8.556528264132066,NaN,1.5463951503721289e-7
NaN,8.561505752876439,NaN,1.5204168394357053e-7
NaN,8.56648324162081,NaN,1.4948756726297762e-7
NaN,8.571460730365182,NaN,1.4697642889695307e-7
NaN,8.576438219109555,NaN,1.4450754513641357e-7
NaN,8.581415707853926,NaN,1.4208020445351863e-7
NaN,8.5863931965983,NaN,1.3969370729700123e-7
NaN,8.591370685342671,NaN,1.3734736589092717e-7
NaN,8.596348174087044,NaN,1.350405040368204e-7
NaN,8.601325662831416,NaN,1.3277245691911276e-7
NaN,8.606303151575787,NaN,1.3054257091384363e-7
NaN,8.61128064032016,NaN,1.2835020340055783e-7
NaN,8.616258129064532,NaN,1.2619472257737786e-7
NaN,8.621235617808905,NaN,1.2407550727914475e-7
NaN,8.626213106553276,NaN,1.2199194679863305e-7
NaN,8.63119059529765,NaN,1.1994344071074141e-7
NaN,8.636168084042021,NaN,1.1792939869964548e-7
NaN,8.641145572786392,NaN,1.1594924038882895e-7
NaN,8.646123061530766,NaN,1.1400239517398857e-7
NaN,8.651100550275137,NaN,1.1208830205871357e-7
NaN,8.65607803901951,NaN,1.1020640949294128e-7
NaN,8.661055527763882,NaN,1.0835617521410896e-7
NaN,8.666033016508255,NaN,1.0653706609097168e-7
NaN,8.671010505252626,NaN,1.0474855797004007e-7
NaN,8.675987993996998,NaN,1.0299013552459572e-7
NaN,8.680965482741371,NaN,1.0126129210623099e-7
NaN,8.685942971485742,NaN,9.956152959888959e-8
NaN,8.690920460230116,NaN,9.78903582753451e-8
NaN,8.695897948974487,NaN,9.624729665609439e-8
NaN,8.70087543771886,NaN,9.463187137061473e-8
NaN,8.705852926463232,NaN,9.304361702094953e-8
NaN,8.710830415207603,NaN,9.148207604758276e-8
NaN,8.715807903951976,NaN,8.994679859756274e-8
NaN,8.720785392696348,NaN,8.843734239484433e-8
NaN,8.72576288144072,NaN,8.695327261279823e-8
NaN,8.730740370185092,NaN,8.549416174887018e-8
NaN,8.735717858929466,NaN,8.405958950133156e-8
NaN,8.740695347673837,NaN,8.264914264811502e-8
NaN,8.745672836418208,NaN,8.126241492766749e-8
NaN,8.750650325162582,NaN,7.989900692181558e-8
NaN,8.755627813906953,NaN,7.855852594059234e-8
NaN,8.760605302651326,NaN,7.724058590899566e-8
NaN,8.765582791395698,NaN,7.594480725565699e-8
NaN,8.77056028014007,NaN,7.46708168033712e-8
NaN,8.775537768884442,NaN,7.341824766146555e-8
NaN,8.780515257628814,NaN,7.218673911998115e-8
NaN,8.785492746373187,NaN,7.097593654562946e-8
NaN,8.790470235117558,NaN,6.978549127949454e-8
NaN,8.795447723861932,NaN,6.861506053645608e-8
NaN,8.800425212606303,NaN,6.746430730630309e-8
NaN,8.805402701350676,NaN,6.633290025650308e-8
NaN,8.810380190095048,NaN,6.522051363661501e-8
NaN,8.815357678839419,NaN,6.412682718429782e-8
NaN,8.820335167583792,NaN,6.305152603290466e-8
NaN,8.825312656328164,NaN,6.199430062062801e-8
NaN,8.830290145072537,NaN,6.095484660117491e-8
NaN,8.835267633816908,NaN,5.993286475593588e-8
NaN,8.840245122561281,NaN,5.892806090763917e-8
NaN,8.845222611305653,NaN,5.794014583544981e-8
NaN,8.850200100050024,NaN,5.6968835191499395e-8
NaN,8.855177588794398,NaN,5.601384941881761e-8
NaN,8.860155077538769,NaN,5.507491367064383e-8
NaN,8.865132566283142,NaN,5.4151757731095597e-8
NaN,8.870110055027514,NaN,5.3244115937169936e-8
NaN,8.875087543771887,NaN,5.235172710205712e-8
NaN,8.880065032516258,NaN,5.147433443974586e-8
NaN,8.88504252126063,NaN,5.061168549089134e-8
NaN,8.890020010005003,NaN,4.976353204993481e-8
NaN,8.894997498749374,NaN,4.8929630093447107e-8
NaN,8.899974987493747,NaN,4.8109739709675654e-8
NaN,8.904952476238119,NaN,4.73036250292831e-8
NaN,8.909929964982492,NaN,4.651105415723952e-8
NaN,8.914907453726864,NaN,4.5731799105871145e-8
NaN,8.919884942471235,NaN,4.496563572903162e-8
NaN,8.924862431215608,NaN,4.421234365737792e-8
NaN,8.92983991995998,NaN,4.3471706234740265e-8
NaN,8.934817408704353,NaN,4.2743510455557114e-8
NaN,8.939794897448724,NaN,4.2027546903370775e-8
NaN,8.944772386193096,NaN,4.1323609690346686e-8
NaN,8.949749874937469,NaN,4.06314963978224e-8
NaN,8.95472736368184,NaN,3.995100801784813e-8
NaN,8.959704852426214,NaN,3.928194889571548e-8
NaN,8.964682341170585,NaN,3.8624126673454134e-8
NaN,8.969659829914958,NaN,3.7977352234274526e-8
NaN,8.97463731865933,NaN,3.7341439647952174e-8
NaN,8.979614807403701,NaN,3.671620611712652e-8
NaN,8.984592296148074,NaN,3.6101471924504633e-8
NaN,8.989569784892446,NaN,3.549706038095725e-8
NaN,8.994547273636819,NaN,3.490279777448374e-8
NaN,8.99952476238119,NaN,3.431851332003729e-8
NaN,9.004502251125563,NaN,3.374403911019853e-8
NaN,9.009479739869935,NaN,3.3179210066675664e-8
NaN,9.014457228614306,NaN,3.262386389262333e-8
NaN,9.01943471735868,NaN,3.2077841025760545e-8
NaN,9.024412206103051,NaN,3.1540984592286676e-8
NaN,9.029389694847424,NaN,3.101314036156225e-8
NaN,9.034367183591796,NaN,3.049415670156296e-8
NaN,9.039344672336169,NaN,2.9983884535076306e-8
NaN,9.04432216108054,NaN,2.9482177296642064e-8
NaN,9.049299649824912,NaN,2.8988890890212285e-8
NaN,9.054277138569285,NaN,2.850388364752861e-8
NaN,9.059254627313656,NaN,2.8027016287200366e-8
NaN,9.06423211605803,NaN,2.7558151874468413e-8
NaN,9.069209604802401,NaN,2.7097155781651077e-8
NaN,9.074187093546774,NaN,2.6643895649253748e-8
NaN,9.079164582291146,NaN,2.619824134773522e-8
NaN,9.084142071035517,NaN,2.5760064939915322e-8
NaN,9.08911955977989,NaN,2.5329240644019742e-8
NaN,9.094097048524262,NaN,2.490564479734531e-8
NaN,9.099074537268635,NaN,2.4489155820537087e-8
NaN,9.104052026013006,NaN,2.4079654182468023e-8
NaN,9.10902951475738,NaN,2.3677022365710586e-8
NaN,9.11400700350175,NaN,2.3281144832589667e-8
NaN,9.118984492246122,NaN,2.2891907991808835e-8
NaN,9.123961980990495,NaN,2.2509200165635087e-8
NaN,9.128939469734867,NaN,2.213291155764246e-8
NaN,9.13391695847924,NaN,2.176293422099476e-8
NaN,9.138894447223612,NaN,2.1399162027263748e-8
NaN,9.143871935967985,NaN,2.104149063577405e-8
NaN,9.148849424712356,NaN,2.068981746346345e-8
NaN,9.153826913456728,NaN,2.0344041655251602e-8
NaN,9.1588044022011,NaN,2.0004064054908006e-8
NaN,9.163781890945472,NaN,1.966978717641243e-8
NaN,9.168759379689845,NaN,1.9341115175794483e-8
NaN,9.173736868434217,NaN,1.901795382345224e-8
NaN,9.17871435717859,NaN,1.8700210476933448e-8
NaN,9.183691845922962,NaN,1.838779405417968e-8
NaN,9.188669334667333,NaN,1.8080615007217003e-8
NaN,9.193646823411706,NaN,1.7778585296293703e-8
NaN,9.198624312156078,NaN,1.7481618364452967e-8
NaN,9.20360180090045,NaN,1.7189629112532656e-8
NaN,9.208579289644822,NaN,1.690253387458913e-8
NaN,9.213556778389195,NaN,1.662025039373353e-8
NaN,9.218534267133567,NaN,1.634269779837576e-8
NaN,9.223511755877938,NaN,1.6069796578869574e-8
NaN,9.228489244622311,NaN,1.5801468564551507e-8
NaN,9.233466733366683,NaN,1.5537636901165324e-8
NaN,9.238444222111056,NaN,1.5278226028669417e-8
NaN,9.243421710855428,NaN,1.5023161659416867e-8
NaN,9.2483991995998,NaN,1.4772370756703711e-8
NaN,9.253376688344172,NaN,1.4525781513679407e-8
NaN,9.258354177088544,NaN,1.428332333261173e-8
NaN,9.263331665832917,NaN,1.4044926804502803e-8
NaN,9.268309154577288,NaN,1.3810523689048295e-8
NaN,9.273286643321661,NaN,1.3580046894933452e-8
NaN,9.278264132066033,NaN,1.3353430460463508e-8
NaN,9.283241620810406,NaN,1.3130609534518563e-8
NaN,9.288219109554777,NaN,1.2911520357831948e-8
NaN,9.293196598299149,NaN,1.2696100244581163e-8
NaN,9.298174087043522,NaN,1.2484287564292823e-8
NaN,9.303151575787894,NaN,1.2276021724050183e-8
NaN,9.308129064532267,NaN,1.2071243151001891e-8
NaN,9.313106553276638,NaN,1.1869893275165157e-8
NaN,9.318084042021011,NaN,1.1671914512519702e-8
NaN,9.323061530765383,NaN,1.1477250248385747e-8
NaN,9.328039019509754,NaN,1.1285844821083435e-8
NaN,9.333016508254127,NaN,1.1097643505867086e-8
NaN,9.337993996998499,NaN,1.091259249913109e-8
NaN,9.342971485742872,NaN,1.0730638902881025e-8
NaN,9.347948974487243,NaN,1.0551730709468483e-8
NaN,9.352926463231617,NaN,1.0375816786581108e-8
NaN,9.357903951975988,NaN,1.020284686248831e-8
NaN,9.36288144072036,NaN,1.00327715115337e-8
NaN,9.367858929464733,NaN,9.865542139872946e-9
NaN,9.372836418209104,NaN,9.701110971453202e-9
NaN,9.377813906953477,NaN,9.539431034227485e-9
NaN,9.382791395697849,NaN,9.380456146602297e-9
NaN,9.38776888444222,NaN,9.224140904113836e-9
NaN,9.392746373186593,NaN,9.070440666328901e-9
NaN,9.397723861930965,NaN,8.919311543966954e-9
NaN,9.402701350675338,NaN,8.770710386238902e-9
NaN,9.40767883941971,NaN,8.624594768399718e-9
NaN,9.412656328164083,NaN,8.480922979511228e-9
NaN,9.417633816908454,NaN,8.339654010411356e-9
NaN,9.422611305652826,NaN,8.200747541885686e-9
NaN,9.427588794397199,NaN,8.064163933038725e-9
NaN,9.43256628314157,NaN,7.929864209862475e-9
NaN,9.437543771885943,NaN,7.797810053995977e-9
NaN,9.442521260630315,NaN,7.66796379167615e-9
NaN,9.447498749374688,NaN,7.540288382873496e-9
NaN,9.45247623811906,NaN,7.414747410612741e-9
NaN,9.45745372686343,NaN,7.2913050704717675e-9
NaN,9.462431215607804,NaN,7.1699261602593965e-9
NaN,9.467408704352176,NaN,7.050576069866356e-9
NaN,9.472386193096549,NaN,6.9332207712872375e-9
NaN,9.47736368184092,NaN,6.817826808811883e-9
NaN,9.482341170585293,NaN,6.70436128938076e-9
NaN,9.487318659329665,NaN,6.592791873104521e-9
NaN,9.492296148074036,NaN,6.483086763942097e-9
NaN,9.49727363681841,NaN,6.375214700537092e-9
NaN,9.50225112556278,NaN,6.269144947208306e-9
NaN,9.507228614307154,NaN,6.164847285092195e-9
NaN,9.512206103051525,NaN,6.062292003435148e-9
NaN,9.517183591795899,NaN,5.961449891031795e-9
NaN,9.52216108054027,NaN,5.8622922278088935e-9
NaN,9.527138569284642,NaN,5.764790776550144e-9
NaN,9.532116058029015,NaN,5.668917774761334e-9
NaN,9.537093546773386,NaN,5.574645926672333e-9
NaN,9.54207103551776,NaN,5.481948395373796e-9
NaN,9.54704852426213,NaN,5.390798795087485e-9
NaN,9.552026013006504,NaN,5.301171183565501e-9
NaN,9.557003501750875,NaN,5.2130400546190655e-9
NaN,9.561980990495247,NaN,5.12638033077247e-9
NaN,9.56695847923962,NaN,5.041167356041318e-9
NaN,9.571935967983991,NaN,4.9573768888327775e-9
NaN,9.576913456728365,NaN,4.874985094964891e-9
NaN,9.581890945472736,NaN,4.793968540804409e-9
NaN,9.58686843421711,NaN,4.714304186519908e-9
NaN,9.59184592296148,NaN,4.635969379448742e-9
NaN,9.596823411705852,NaN,4.558941847576268e-9
NaN,9.601800900450225,NaN,4.483199693124381e-9
NaN,9.606778389194597,NaN,4.408721386248936e-9
NaN,9.61175587793897,NaN,4.335485758842826e-9
NaN,9.616733366683341,NaN,4.2634719984442194e-9
NaN,9.621710855427715,NaN,4.1926596422466845e-9
NaN,9.626688344172086,NaN,4.123028571211463e-9
NaN,9.631665832916458,NaN,4.054559004277967e-9
NaN,9.63664332166083,NaN,3.987231492672649e-9
NaN,9.641620810405202,NaN,3.921026914313514e-9
NaN,9.646598299149575,NaN,3.855926468309214e-9
NaN,9.651575787893947,NaN,3.7919116695507e-9
NaN,9.65655327663832,NaN,3.728964343394187e-9
NaN,9.661530765382691,NaN,3.6670666204339146e-9
NaN,9.666508254127063,NaN,3.6062009313628066e-9
NaN,9.671485742871436,NaN,3.5463500019200982e-9
NaN,9.676463231615807,NaN,3.487496847923952e-9
NaN,9.68144072036018,NaN,3.4296247703879137e-9
NaN,9.686418209104552,NaN,3.372717350719778e-9
NaN,9.691395697848925,NaN,3.316758446001296e-9
NaN,9.696373186593297,NaN,3.2617321843476674e-9
NaN,9.701350675337668,NaN,3.2076229603450287e-9
NaN,9.706328164082041,NaN,3.154415430565284e-9
NaN,9.711305652826413,NaN,3.1020945091560272e-9
NaN,9.716283141570786,NaN,3.0506453635053425e-9
NaN,9.721260630315157,NaN,3.000053409979466e-9
NaN,9.72623811905953,NaN,2.950304309732145e-9
NaN,9.731215607803902,NaN,2.901383964585143e-9
NaN,9.736193096548273,NaN,2.853278512977774e-9
NaN,9.741170585292647,NaN,2.8059743259848343e-9
NaN,9.746148074037018,NaN,2.759458003401835e-9
NaN,9.751125562781391,NaN,2.7137163698961175e-9
NaN,9.756103051525763,NaN,2.668736471222783e-9
NaN,9.761080540270136,NaN,2.6245055705045748e-9
NaN,9.766058029014507,NaN,2.5810111445745343e-9
NaN,9.771035517758879,NaN,2.5382408803799413e-9
NaN,9.776013006503252,NaN,2.4961826714474255e-9
NaN,9.780990495247623,NaN,2.4548246144072072e-9
NaN,9.785967983991997,NaN,2.4141550055762656e-9
NaN,9.790945472736368,NaN,2.374162337598819e-9
NaN,9.79592296148074,NaN,2.334835296143684e-9
NaN,9.800900450225113,NaN,2.2961627566571824e-9
NaN,9.805877938969484,NaN,2.258133781170898e-9
NaN,9.810855427713857,NaN,2.2207376151629274e-9
NaN,9.815832916458229,NaN,2.1839636844726378e-9
NaN,9.820810405202602,NaN,2.1478015922666616e-9
NaN,9.825787893946973,NaN,2.1122411160567702e-9
NaN,9.830765382691345,NaN,2.077272204767535e-9
NaN,9.835742871435718,NaN,2.0428849758535025e-9
NaN,9.84072036018009,NaN,2.0090697124651803e-9
NaN,9.845697848924463,NaN,1.975816860662429e-9
NaN,9.850675337668834,NaN,1.943117026675212e-9
NaN,9.855652826413207,NaN,1.9109609742101754e-9
NaN,9.860630315157579,NaN,1.8793396218027746e-9
NaN,9.86560780390195,NaN,1.8482440402140396e-9
NaN,9.870585292646323,NaN,1.817665449871169e-9
NaN,9.875562781390695,NaN,1.7875952183512902e-9
NaN,9.880540270135068,NaN,1.7580248579075679e-9
NaN,9.88551775887944,NaN,1.7289460230369872e-9
NaN,9.890495247623813,NaN,1.7003505080893046e-9
NaN,9.895472736368184,NaN,1.6722302449159455e-9
NaN,9.900450225112555,NaN,1.6445773005589523e-9
NaN,9.905427713856929,NaN,1.617383874978362e-9
NaN,9.9104052026013,NaN,1.5906422988184719e-9
NaN,9.915382691345673,NaN,1.5643450312111195e-9
NaN,9.920360180090045,NaN,1.5384846576164912e-9
NaN,9.925337668834418,NaN,1.5130538876999582e-9
NaN,9.93031515757879,NaN,1.4880455532448828e-9
NaN,9.93529264632316,NaN,1.4634526061004872e-9
NaN,9.940270135067534,NaN,1.4392681161643292e-9
NaN,9.945247623811905,NaN,1.4154852693987884e-9
NaN,9.950225112556279,NaN,1.3920973658808226e-9
NaN,9.95520260130065,NaN,1.3690978178848824e-9
NaN,9.960180090045023,NaN,1.3464801479977077e-9
NaN,9.965157578789395,NaN,1.324237987265265e-9
NaN,9.970135067533766,NaN,1.302365073370573e-9
NaN,9.97511255627814,NaN,1.2808552488424912e-9
NaN,9.98009004502251,NaN,1.2597024592945048e-9
NaN,9.985067533766884,NaN,1.2389007516931874e-9
NaN,9.990045022511255,NaN,1.2184442726559384e-9
NaN,9.995022511255629,NaN,1.1983272667771699e-9
NaN,10.0,NaN,1.1785440749829888e-9
